 2.000000000000000   -0.737035936745597
 2.005000000000000   -0.754847952829599
 2.010000000000000   -0.772521334858164
 2.015000000000000   -0.790044608126733
 2.020000000000000   -0.807406651908044
 2.025000000000000   -0.824596806640024
 2.030000000000000   -0.841605003388794
 2.035000000000000   -0.858421921630495
 2.040000000000000   -0.875039182993853
 2.045000000000000   -0.891449590463369
 2.050000000000000   -0.907647424537936
 2.055000000000000   -0.923628809645709
 2.060000000000000   -0.939392165012255
 2.065000000000000   -0.954938752717407
 2.070000000000000   -0.970273329118068
 2.075000000000000   -0.985404889245758
 2.080000000000000   -1.000347458864165
 2.085000000000000   -1.015120822419563
 2.090000000000000   -1.029750958606672
 2.095000000000000   -1.044269768144781
 2.100000000000000   -1.058713411960811
 2.105000000000000   -1.073118272060780
 2.110000000000000   -1.087513361373548
 2.115000000000000   -1.101908314475257
 2.120000000000000   -1.116277482026978
 2.125000000000000   -1.130543606741183
 2.130000000000000   -1.144568483527047
 2.135000000000000   -1.158160101407641
 2.140000000000000   -1.171101745714765
 2.145000000000000   -1.183197186690051
 2.150000000000000   -1.194314156720729
 2.155000000000000   -1.204406869054776
 2.160000000000000   -1.213510303202179
 2.165000000000000   -1.221714325499780
 2.170000000000000   -1.229132587422181
 2.175000000000000   -1.235877723232872
 2.180000000000000   -1.242046981873170
 2.185000000000000   -1.247716956108517
 2.190000000000000   -1.252944073049481
 2.195000000000000   -1.257767797924583
 2.200000000000000   -1.262214560360032
 2.205000000000000   -1.266301385410767
 2.210000000000000   -1.270038848349585
 2.215000000000000   -1.273433308058126
 2.220000000000000   -1.276488515586366
 2.225000000000000   -1.279206732849905
 2.230000000000000   -1.281589488722067
 2.235000000000000   -1.283638076351151
 2.240000000000000   -1.285353870363083
 2.245000000000000   -1.286738520997417
 2.250000000000000   -1.287794065421851
 2.255000000000000   -1.288522984096945
 2.260000000000000   -1.288928221243949
 2.265000000000000   -1.289013182312871
 2.270000000000000   -1.288781717109625
 2.275000000000000   -1.288238094350379
 2.280000000000001   -1.287386971452983
 2.285000000000000   -1.286233362055850
 2.290000000000000   -1.284782602869688
 2.295000000000000   -1.283040320876874
 2.300000000000000   -1.281012401501211
 2.305000000000000   -1.278704958112499
 2.310000000000000   -1.276124303061644
 2.315000000000000   -1.273276920333363
 2.320000000000000   -1.270169439834806
 2.325000000000000   -1.266808613296046
 2.330000000000000   -1.263201291733510
 2.335000000000000   -1.259354404413670
 2.340000000000000   -1.255274939247889
 2.345000000000000   -1.250969924547333
 2.350000000000000   -1.246446412067555
 2.355000000000000   -1.241711461274736
 2.360000000000000   -1.236772124768556
 2.365000000000000   -1.231635434800156
 2.370000000000000   -1.226308390827068
 2.375000000000000   -1.220797948050317
 2.380000000000000   -1.215111006882014
 2.385000000000000   -1.209254403294598
 2.390000000000000   -1.203234900005488
 2.395000000000000   -1.197059178453225
 2.400000000000000   -1.190733831523339
 2.405000000000001   -1.184265356984030
 2.410000000000000   -1.177660151593543
 2.415000000000000   -1.170924505842675
 2.420000000000000   -1.164064599297322
 2.425000000000000   -1.157086496507358
 2.430000000000000   -1.149996143449369
 2.435000000000000   -1.142799364472062
 2.440000000000000   -1.135501859714218
 2.445000000000000   -1.128109202966279
 2.450000000000000   -1.120626839947666
 2.455000000000000   -1.113060086973007
 2.460000000000000   -1.105414129981489
 2.465000000000000   -1.097694023904531
 2.470000000000000   -1.089904692347995
 2.475000000000000   -1.082050927566105
 2.480000000000000   -1.074137390705231
 2.485000000000000   -1.066168612296612
 2.490000000000000   -1.058148992978058
 2.495000000000000   -1.050082804425562
 2.500000000000000   -1.041974190476661
 2.505000000000000   -1.033827168428294
 2.510000000000000   -1.025645630492727
 2.515000000000000   -1.017433345396012
 2.520000000000000   -1.009193960104232
 2.525000000000000   -1.000931001663637
 2.530000000000001   -0.992647879141510
 2.535000000000000   -0.984347885655419
 2.540000000000000   -0.976034200479201
 2.545000000000000   -0.967709891214792
 2.550000000000000   -0.959377916019653
 2.555000000000000   -0.951041125880263
 2.560000000000000   -0.942702266922751
 2.565000000000000   -0.934363982752378
 2.570000000000000   -0.926028816814177
 2.575000000000000   -0.917699214767599
 2.580000000000000   -0.909377526868573
 2.585000000000000   -0.901066010352939
 2.590000000000000   -0.892766831815614
 2.594999999999999   -0.884482069580436
 2.600000000000000   -0.876213716055967
 2.605000000000000   -0.867963680073072
 2.610000000000000   -0.859733789200354
 2.615000000000000   -0.851525792034049
 2.620000000000000   -0.843341360459236
 2.625000000000000   -0.835182091879589
 2.630000000000000   -0.827049511413241
 2.635000000000000   -0.818945074052566
 2.640000000000000   -0.810870166786041
 2.645000000000000   -0.802826110680529
 2.650000000000000   -0.794814162922644
 2.655000000000001   -0.786835518818033
 2.660000000000000   -0.778891313747642
 2.665000000000000   -0.770982625080227
 2.670000000000000   -0.763110474040569
 2.675000000000000   -0.755275827532987
 2.680000000000000   -0.747479599919923
 2.685000000000000   -0.739722654755516
 2.690000000000000   -0.732005806474206
 2.695000000000000   -0.724329822034515
 2.700000000000000   -0.716695422518316
 2.705000000000000   -0.709103284685898
 2.710000000000000   -0.701554042487358
 2.715000000000000   -0.694048288530804
 2.719999999999999   -0.686586575508015
 2.725000000000000   -0.679169417578217
 2.730000000000000   -0.671797291710723
 2.735000000000000   -0.664470638987205
 2.740000000000000   -0.657189865864424
 2.745000000000000   -0.649955345398302
 2.750000000000000   -0.642767418430183
 2.755000000000000   -0.635626394736251
 2.760000000000000   -0.628532554140988
 2.765000000000000   -0.621486147595671
 2.770000000000000   -0.614487398222829
 2.775000000000000   -0.607536502327649
 2.780000000000001   -0.600633630377304
 2.785000000000000   -0.593778927949141
 2.790000000000000   -0.586972516648731
 2.795000000000000   -0.580214494998710
 2.800000000000000   -0.573504939299366
 2.805000000000000   -0.566843904461909
 2.810000000000000   -0.560231424815335
 2.815000000000000   -0.553667514887790
 2.820000000000000   -0.547152170163316
 2.825000000000000   -0.540685367814849
 2.830000000000000   -0.534267067414290
 2.835000000000000   -0.527897211620498
 2.840000000000000   -0.521575726845973
 2.844999999999999   -0.515302523903017
 2.850000000000000   -0.509077498630106
 2.855000000000000   -0.502900532499207
 2.860000000000000   -0.496771493204725
 2.865000000000000   -0.490690235234742
 2.870000000000000   -0.484656600425204
 2.875000000000000   -0.478670418497660
 2.880000000000000   -0.472731507581151
 2.885000000000000   -0.466839674718795
 2.890000000000000   -0.460994716359631
 2.895000000000000   -0.455196418836209
 2.900000000000000   -0.449444558828433
 2.905000000000001   -0.443738903814110
 2.910000000000000   -0.438079212506647
 2.915000000000000   -0.432465235280315
 2.920000000000000   -0.426896714583475
 2.925000000000000   -0.421373385340144
 2.930000000000000   -0.415894975340243
 2.935000000000000   -0.410461205618877
 2.940000000000000   -0.405071790824956
 2.945000000000000   -0.399726439579444
 2.950000000000000   -0.394424854823543
 2.955000000000000   -0.389166734157043
 2.960000000000000   -0.383951770167129
 2.965000000000000   -0.378779650747840
 2.969999999999999   -0.373650059410429
 2.975000000000000   -0.368562675584828
 2.980000000000000   -0.363517174912419
 2.985000000000000   -0.358513229530292
 2.990000000000000   -0.353550508347170
 2.995000000000000   -0.348628677311188
 3.000000000000000   -0.343747399669658
 3.005000000000000   -0.338906336221003
 3.010000000000000   -0.334105145558984
 3.015000000000000   -0.329343484309378
 3.020000000000000   -0.324621007359239
 3.025000000000000   -0.319937368078856
 3.030000000000001   -0.315292218536574
 3.035000000000000   -0.310685209706551
 3.040000000000000   -0.306115991669615
 3.045000000000000   -0.301584213807315
 3.050000000000000   -0.297089524989284
 3.055000000000000   -0.292631573754032
 3.060000000000000   -0.288210008483277
 3.065000000000000   -0.283824477569931
 3.070000000000000   -0.279474629579836
 3.075000000000000   -0.275160113407380
 3.080000000000000   -0.270880578425073
 3.085000000000000   -0.266635674627233
 3.090000000000000   -0.262425052767839
 3.094999999999999   -0.258248364492703
 3.100000000000000   -0.254105262466041
 3.105000000000000   -0.249995400491574
 3.110000000000000   -0.245918433628245
 3.115000000000000   -0.241874018300677
 3.120000000000000   -0.237861812404481
 3.125000000000000   -0.233881475406513
 3.130000000000000   -0.229932668440204
 3.135000000000000   -0.226015054396067
 3.140000000000000   -0.222128298007491
 3.145000000000000   -0.218272065931936
 3.150000000000000   -0.214446026827641
 3.155000000000001   -0.210649851425958
 3.160000000000000   -0.206883212599413
 3.165000000000000   -0.203145785425629
 3.170000000000000   -0.199437247247195
 3.175000000000000   -0.195757277727611
 3.180000000000000   -0.192105558903423
 3.185000000000000   -0.188481775232632
 3.190000000000000   -0.184885613639528
 3.195000000000000   -0.181316763556019
 3.200000000000000   -0.177774916959594
 3.205000000000000   -0.174259768408009
 3.210000000000000   -0.170771015070813
 3.215000000000000   -0.167308356757817
 3.219999999999999   -0.163871495944611
 3.225000000000000   -0.160460137795232
 3.230000000000000   -0.157073990182095
 3.235000000000000   -0.153712763703266
 3.240000000000000   -0.150376171697207
 3.245000000000000   -0.147063930255061
 3.250000000000000   -0.143775758230597
 3.255000000000000   -0.140511377247900
 3.260000000000000   -0.137270511706899
 3.265000000000000   -0.134052888786822
 3.270000000000000   -0.130858238447682
 3.275000000000000   -0.127686293429856
 3.280000000000001   -0.124536789251879
 3.285000000000000   -0.121409464206491
 3.290000000000000   -0.118304059355067
 3.295000000000000   -0.115220318520475
 3.300000000000000   -0.112157988278452
 3.305000000000000   -0.109116817947583
 3.310000000000000   -0.106096559577936
 3.315000000000000   -0.103096967938447
 3.320000000000000   -0.100117800503105
 3.325000000000000   -0.097158817436028
 3.330000000000000   -0.094219781575463
 3.335000000000000   -0.091300458416809
 3.340000000000000   -0.088400616094700
 3.344999999999999   -0.085520025364216
 3.350000000000000   -0.082658459581281
 3.355000000000000   -0.079815694682299
 3.360000000000000   -0.076991509163089
 3.365000000000000   -0.074185684057156
 3.370000000000000   -0.071398002913369
 3.375000000000000   -0.068628251773077
 3.380000000000000   -0.065876219146708
 3.385000000000000   -0.063141695989919
 3.390000000000000   -0.060424475679298
 3.395000000000000   -0.057724353987706
 3.400000000000000   -0.055041129059258
 3.405000000000001   -0.052374601384006
 3.410000000000000   -0.049724573772346
 3.415000000000000   -0.047090851329190
 3.420000000000000   -0.044473241427932
 3.425000000000000   -0.041871553684242
 3.430000000000000   -0.039285599929713
 3.435000000000000   -0.036715194185395
 3.440000000000000   -0.034160152635237
 3.445000000000000   -0.031620293599468
 3.450000000000000   -0.029095437507936
 3.455000000000000   -0.026585406873432
 3.460000000000000   -0.024090026265014
 3.465000000000000   -0.021609122281365
 3.469999999999999   -0.019142523524189
 3.475000000000000   -0.016690060571667
 3.480000000000000   -0.014251565952003
 3.485000000000000   -0.011826874117057
 3.490000000000000   -0.009415821416094
 3.495000000000000   -0.007018246069654
 3.500000000000000   -0.004633988143565
 3.505000000000000   -0.002262889523110
 3.510000000000000    0.000095206112657
 3.515000000000000    0.002440453316404
 3.520000000000000    0.004773004897843
 3.525000000000000    0.007093011948852
 3.530000000000001    0.009400623868403
 3.535000000000000    0.011695988387272
 3.540000000000000    0.013979251592541
 3.545000000000000    0.016250557951870
 3.550000000000000    0.018510050337546
 3.555000000000000    0.020757870050291
 3.560000000000000    0.022994156842839
 3.565000000000000    0.025219048943258
 3.570000000000000    0.027432683078038
 3.575000000000000    0.029635194494913
 3.580000000000000    0.031826716985440
 3.585000000000000    0.034007382907315
 3.590000000000000    0.036177323206431
 3.594999999999999    0.038336667438680
 3.600000000000000    0.040485543791482
 3.605000000000000    0.042624079105058
 3.610000000000000    0.044752398893436
 3.615000000000000    0.046870627365194
 3.620000000000000    0.048978887443931
 3.625000000000000    0.051077300788481
 3.630000000000000    0.053165987812855
 3.635000000000000    0.055245067705915
 3.640000000000000    0.057314658450799
 3.645000000000000    0.059374876844061
 3.650000000000000    0.061425838514564
 3.655000000000001    0.063467657942107
 3.660000000000000    0.065500448475787
 3.665000000000000    0.067524322352111
 3.670000000000000    0.069539390712844
 3.675000000000000    0.071545763622603
 3.680000000000000    0.073543550086200
 3.685000000000000    0.075532858065732
 3.690000000000000    0.077513794497420
 3.695000000000000    0.079486465308203
 3.700000000000000    0.081450975432086
 3.705000000000000    0.083407428826244
 3.710000000000000    0.085355928486889
 3.715000000000000    0.087296576464892
 3.719999999999999    0.089229473881179
 3.725000000000000    0.091154720941886
 3.730000000000000    0.093072416953286
 3.735000000000000    0.094982660336490
 3.740000000000000    0.096885548641917
 3.745000000000000    0.098781178563551
 3.750000000000000    0.100669645952966
 3.755000000000000    0.102551045833144
 3.760000000000000    0.104425472412068
 3.765000000000000    0.106293019096113
 3.770000000000000    0.108153778503220
 3.775000000000000    0.110007842475864
 3.780000000000001    0.111855302093823
 3.785000000000000    0.113696247686738
 3.790000000000000    0.115530768846476
 3.795000000000000    0.117358954439300
 3.800000000000000    0.119180892617841
 3.805000000000000    0.120996670832877
 3.810000000000000    0.122806375844932
 3.815000000000000    0.124610093735670
 3.820000000000000    0.126407909919129
 3.825000000000000    0.128199909152750
 3.830000000000000    0.129986175548244
 3.835000000000000    0.131766792582268
 3.840000000000000    0.133541843106938
 3.844999999999999    0.135311409360160
 3.850000000000000    0.137075572975794
 3.855000000000000    0.138834414993649
 3.860000000000000    0.140588015869314
 3.865000000000000    0.142336455483819
 3.870000000000000    0.144079813153139
 3.875000000000000    0.145818167637534
 3.880000000000000    0.147551597150731
 3.885000000000000    0.149280179368948
 3.890000000000000    0.151003991439768
 3.895000000000000    0.152723109990851
 3.900000000000000    0.154437611138502
 3.905000000000001    0.156147570496083
 3.910000000000000    0.157853063182279
 3.915000000000000    0.159554163829217
 3.920000000000000    0.161250946590434
 3.925000000000000    0.162943485148710
 3.930000000000000    0.164631852723748
 3.935000000000000    0.166316122079715
 3.940000000000000    0.167996365532644
 3.945000000000000    0.169672654957693
 3.950000000000000    0.171345061796266
 3.955000000000000    0.173013657062994
 3.960000000000000    0.174678511352585
 3.965000000000000    0.176339694846523
 3.969999999999999    0.177997277319653
 3.975000000000000    0.179651328146606
 3.980000000000000    0.181301916308108
 3.985000000000000    0.182949110397146
 3.990000000000000    0.184592978624999
 3.995000000000000    0.186233588827141
 4.000000000000000    0.187871008469008
 4.005000000000000    0.189505304651623
 4.010000000000000    0.191136544117107
 4.015000000000001    0.192764793254035
 4.020000000000000    0.194390118102671
 4.025000000000000    0.196012584360070
 4.030000000000000    0.197632257385038
 4.035000000000000    0.199249202202961
 4.040000000000000    0.200863483510504
 4.045000000000000    0.202475165680169
 4.050000000000000    0.204084312764714
 4.055000000000000    0.205690988501441
 4.060000000000001    0.207295256316344
 4.065000000000000    0.208897179328118
 4.070000000000000    0.210496820352026
 4.075000000000000    0.212094241903624
 4.080000000000000    0.213689506202351
 4.085000000000000    0.215282675174964
 4.090000000000000    0.216873810458833
 4.095000000000001    0.218462973405091
 4.100000000000000    0.220050225081628
 4.105000000000000    0.221635626275943
 4.109999999999999    0.223219237497830
 4.115000000000000    0.224801118981923
 4.120000000000000    0.226381330690071
 4.125000000000000    0.227959932313564
 4.130000000000000    0.229536983275183
 4.135000000000000    0.231112542731098
 4.140000000000001    0.232686669572590
 4.145000000000000    0.234259422427600
 4.150000000000000    0.235830859662109
 4.155000000000000    0.237401039381337
 4.160000000000000    0.238970019430754
 4.165000000000000    0.240537857396924
 4.170000000000000    0.242104610608136
 4.175000000000001    0.243670336134857
 4.180000000000000    0.245235090789984
 4.185000000000001    0.246798931128896
 4.190000000000000    0.248361913449288
 4.195000000000000    0.249924093790810
 4.200000000000000    0.251485527934478
 4.205000000000000    0.253046271401864
 4.210000000000000    0.254606379454062
 4.215000000000000    0.256165907090418
 4.220000000000001    0.257724909047022
 4.225000000000000    0.259283439794954
 4.230000000000000    0.260841553538277
 4.234999999999999    0.262399304211772
 4.240000000000000    0.263956745478406
 4.245000000000000    0.265513930726530
 4.250000000000000    0.267070913066791
 4.255000000000000    0.268627745328759
 4.260000000000000    0.270184480057260
 4.265000000000001    0.271741169508394
 4.270000000000000    0.273297865645248
 4.275000000000000    0.274854620133281
 4.280000000000000    0.276411484335379
 4.285000000000000    0.277968509306564
 4.290000000000000    0.279525745788354
 4.295000000000000    0.281083244202750
 4.300000000000001    0.282641054645867
 4.305000000000000    0.284199226881153
 4.310000000000001    0.285757810332237
 4.314999999999999    0.287316854075345
 4.320000000000000    0.288876406831308
 4.325000000000000    0.290436516957123
 4.330000000000000    0.291997232437072
 4.335000000000000    0.293558600873375
 4.340000000000000    0.295120669476361
 4.345000000000001    0.296683485054150
 4.350000000000000    0.298247094001822
 4.355000000000000    0.299811542290065
 4.359999999999999    0.301376875453272
 4.365000000000000    0.302943138577088
 4.370000000000000    0.304510376285371
 4.375000000000000    0.306078632726560
 4.380000000000000    0.307647951559426
 4.385000000000000    0.309218375938190
 4.390000000000001    0.310789948496975
 4.395000000000000    0.312362711333589
 4.400000000000000    0.313936705992608
 4.405000000000000    0.315511973447725
 4.410000000000000    0.317088554083360
 4.415000000000000    0.318666487675504
 4.420000000000000    0.320245813371748
 4.425000000000001    0.321826569670507
 4.430000000000000    0.323408794399383
 4.435000000000001    0.324992524692652
 4.439999999999999    0.326577796967843
 4.445000000000000    0.328164646901387
 4.450000000000000    0.329753109403277
 4.455000000000000    0.331343218590752
 4.460000000000000    0.332935007760933
 4.465000000000000    0.334528509362391
 4.470000000000001    0.336123754965618
 4.475000000000000    0.337720775232352
 4.480000000000000    0.339319599883729
 4.484999999999999    0.340920257667216
 4.490000000000000    0.342522776322288
 4.495000000000000    0.344127182544805
 4.500000000000000    0.345733501950047
 4.505000000000000    0.347341759034375
 4.510000000000000    0.348951977135437
 4.515000000000001    0.350564178390922
 4.520000000000000    0.352178383695766
 4.525000000000000    0.353794612657798
 4.530000000000000    0.355412883551738
 4.535000000000000    0.357033213271531
 4.540000000000000    0.358655617280931
 4.545000000000000    0.360280109562294
 4.550000000000001    0.361906702563520
 4.555000000000000    0.363535407143082
 4.560000000000001    0.365166232513074
 4.564999999999999    0.366799186180222
 4.570000000000000    0.368434273884799
 4.575000000000000    0.370071499537348
 4.580000000000000    0.371710865153178
 4.585000000000000    0.373352370784537
 4.590000000000000    0.374996014450394
 4.595000000000001    0.376641792063769
 4.600000000000000    0.378289697356495
 4.605000000000000    0.379939721801385
 4.609999999999999    0.381591854531660
 4.615000000000000    0.383246082257621
 4.620000000000000    0.384902389180408
 4.625000000000000    0.386560756902813
 4.630000000000000    0.388221164337024
 4.635000000000000    0.389883587609214
 4.640000000000001    0.391547999960881
 4.645000000000000    0.393214371646835
 4.650000000000000    0.394882669829741
 4.655000000000000    0.396552858471090
 4.660000000000000    0.398224898218529
 4.665000000000000    0.399898746289403
 4.670000000000000    0.401574356350430
 4.675000000000001    0.403251678393370
 4.680000000000000    0.404930658606588
 4.685000000000001    0.406611239242397
 4.689999999999999    0.408293358480034
 4.695000000000000    0.409976950284193
 4.700000000000000    0.411661944258931
 4.705000000000000    0.413348265496878
 4.710000000000000    0.415035834423590
 4.715000000000000    0.416724566636913
 4.720000000000001    0.418414372741255
 4.725000000000000    0.420105158176585
 4.730000000000000    0.421796823042085
 4.734999999999999    0.423489261914259
 4.740000000000000    0.425182363659405
 4.745000000000000    0.426876011240293
 4.750000000000000    0.428570081516909
 4.755000000000000    0.430264445041147
 4.760000000000000    0.431958965845279
 4.765000000000001    0.433653501224093
 4.770000000000000    0.435347901510555
 4.775000000000000    0.437042009844844
 4.780000000000000    0.438735661936653
 4.785000000000000    0.440428685820593
 4.790000000000000    0.442120901604610
 4.795000000000000    0.443812121211240
 4.800000000000001    0.445502148111636
 4.805000000000000    0.447190777052202
 4.810000000000001    0.448877793773750
 4.814999999999999    0.450562974723067
 4.820000000000000    0.452246086756797
 4.825000000000000    0.453926886837538
 4.830000000000000    0.455605121722092
 4.835000000000000    0.457280527641777
 4.840000000000000    0.458952829974753
 4.845000000000001    0.460621742910319
 4.850000000000000    0.462286969105137
 4.855000000000000    0.463948199331371
 4.859999999999999    0.465605112116751
 4.865000000000000    0.467257373376560
 4.870000000000000    0.468904636037605
 4.875000000000000    0.470546539654213
 4.880000000000000    0.472182710016358
 4.885000000000000    0.473812758750012
 4.890000000000001    0.475436282909880
 4.895000000000000    0.477052864564667
 4.900000000000000    0.478662070375116
 4.905000000000000    0.480263451165022
 4.910000000000000    0.481856541485530
 4.915000000000000    0.483440859173034
 4.920000000000000    0.485015904901043
 4.925000000000001    0.486581161726425
 4.930000000000000    0.488136094630517
 4.935000000000001    0.489680150055617
 4.939999999999999    0.491212755437421
 4.945000000000000    0.492733318734107
 4.950000000000000    0.494241227952727
 4.955000000000000    0.495735850673726
 4.960000000000000    0.497216533574446
 4.965000000000000    0.498682601952566
 4.970000000000001    0.500133359250498
 4.975000000000000    0.501568086581874
 4.980000000000000    0.502986042261339
 4.984999999999999    0.504386461338975
 4.990000000000000    0.505768555140769
 4.995000000000000    0.507131510816680
 5.000000000000000    0.508474490897962
 5.005000000000000    0.509796632865499
 5.010000000000000    0.511097048731085
 5.015000000000001    0.512374824633687
 5.020000000000000    0.513629020452848
 5.025000000000000    0.514858669441591
 5.030000000000000    0.516062777881271
 5.035000000000000    0.517240324761013
 5.040000000000000    0.518390261484536
 5.045000000000000    0.519511511607296
 5.050000000000001    0.520602970607090
 5.055000000000000    0.521663505691399
 5.060000000000001    0.522691955644941
 5.064999999999999    0.523687130721082
 5.070000000000000    0.524647812580926
 5.075000000000000    0.525572754284066
 5.080000000000000    0.526460680335220
 5.085000000000000    0.527310286791051
 5.090000000000000    0.528120241431752
 5.095000000000001    0.528889184002072
 5.100000000000000    0.529615726526645
 5.105000000000000    0.530298453704677
 5.109999999999999    0.530935923389126
 5.115000000000000    0.531526667155710
 5.120000000000000    0.532069190967178
 5.125000000000000    0.532561975938367
 5.130000000000000    0.533003479207723
 5.135000000000000    0.533392134920921
 5.140000000000001    0.533726355332415
 5.145000000000000    0.534004532030630
 5.150000000000000    0.534225037292567
 5.155000000000000    0.534386225573565
 5.160000000000000    0.534486435137817
 5.165000000000000    0.534523989835175
 5.170000000000000    0.534497201029595
 5.175000000000001    0.534404369684344
 5.180000000000000    0.534243788608860
 5.185000000000001    0.534013744871810
 5.189999999999999    0.533712522384504
 5.195000000000000    0.533338404658431
 5.200000000000000    0.532889677740122
 5.205000000000000    0.532364633325984
 5.210000000000000    0.531761572059113
 5.215000000000000    0.531078807009361
 5.220000000000001    0.530314667337112
 5.225000000000000    0.529467502140387
 5.230000000000000    0.528535684483843
 5.234999999999999    0.527517615607319
 5.240000000000000    0.526411729310331
 5.245000000000000    0.525216496507776
 5.250000000000000    0.523930429950836
 5.255000000000000    0.522552089105642
 5.260000000000000    0.521080085180924
 5.265000000000001    0.519513086294295
 5.270000000000000    0.517849822765312
 5.275000000000000    0.516089092521836
 5.280000000000000    0.514229766604580
 5.285000000000000    0.512270794752994
 5.290000000000000    0.510211211054095
 5.295000000000000    0.508050139633950
 5.300000000000001    0.505786800369977
 5.305000000000000    0.503420514600520
 5.310000000000001    0.500950710806584
 5.314999999999999    0.498376930238899
 5.320000000000000    0.495698832462314
 5.325000000000000    0.492916200787898
 5.330000000000000    0.490028947561968
 5.335000000000000    0.487037119280283
 5.340000000000000    0.483940901494656
 5.345000000000001    0.480740623478473
 5.350000000000000    0.477436762617248
 5.355000000000000    0.474029948490018
 5.359999999999999    0.470520966607341
 5.365000000000000    0.466910761772070
 5.370000000000000    0.463200441029536
 5.375000000000000    0.459391276174713
 5.380000000000000    0.455484705785143
 5.385000000000000    0.451482336749912
 5.390000000000001    0.447385945266808
 5.395000000000000    0.443197477282063
 5.400000000000000    0.438919048349485
 5.405000000000000    0.434552942888690
 5.410000000000000    0.430101612825276
 5.415000000000000    0.425567675599195
 5.420000000000000    0.420953911531227
 5.425000000000001    0.416263260541488
 5.430000000000000    0.411498818217914
 5.435000000000001    0.406663831237024
 5.439999999999999    0.401761692143748
 5.445000000000000    0.396795933501429
 5.450000000000000    0.391770221427934
 5.455000000000000    0.386688348538097
 5.460000000000000    0.381554226317412
 5.465000000000000    0.376371876956047
 5.470000000000001    0.371145424676783
 5.475000000000000    0.365879086594104
 5.480000000000000    0.360577163145809
 5.484999999999999    0.355244028141625
 5.490000000000000    0.349884118476643
 5.495000000000000    0.344501923559967
 5.500000000000000    0.339101974511380
 5.505000000000000    0.333688833180520
 5.510000000000000    0.328267081044620
 5.515000000000001    0.322841308041622
 5.520000000000000    0.317416101395888
 5.525000000000000    0.311996034493707
 5.530000000000000    0.306585655864986
 5.535000000000000    0.301189478326687
 5.540000000000000    0.295811968341716
 5.545000000000000    0.290457535645151
 5.550000000000001    0.285130523187140
 5.555000000000000    0.279835197438993
 5.560000000000001    0.274575739105740
 5.564999999999999    0.269356234285078
 5.570000000000000    0.264180666108653
 5.575000000000000    0.259052906897774
 5.580000000000000    0.253976710861468
 5.585000000000000    0.248955707360440
 5.590000000000000    0.243993394756239
 5.595000000000001    0.239093134860448
 5.600000000000000    0.234258147994456
 5.605000000000000    0.229491508665981
 5.609999999999999    0.224796141864429
 5.615000000000000    0.220174819972994
 5.620000000000000    0.215630160291742
 5.625000000000000    0.211164623162049
 5.630000000000000    0.206780510679592
 5.635000000000000    0.202479965979722
 5.640000000000001    0.198264973076395
 5.645000000000000    0.194137357233079
 5.650000000000000    0.190098785841907
 5.655000000000000    0.186150769785378
 5.660000000000000    0.182294665253118
 5.665000000000000    0.178531675985081
 5.670000000000000    0.174862855911290
 5.675000000000001    0.171289112157643
 5.680000000000000    0.167811208386677
 5.685000000000001    0.164429768442065
 5.689999999999999    0.161145280265569
 5.695000000000000    0.157958100055489
 5.700000000000000    0.154868456636041
 5.705000000000000    0.151876456007832
 5.710000000000000    0.148982086050345
 5.715000000000000    0.146185221348366
 5.720000000000001    0.143485628115423
 5.725000000000000    0.140882969188406
 5.730000000000000    0.138376809068979
 5.734999999999999    0.135966618988683
 5.740000000000000    0.133651781976095
 5.745000000000000    0.131431597905853
 5.750000000000000    0.129305288510902
 5.755000000000000    0.127272002340709
 5.760000000000000    0.125330819649830
 5.765000000000001    0.123480757202571
 5.770000000000000    0.121720772980984
 5.775000000000000    0.120049770784843
 5.780000000000000    0.118466604713635
 5.785000000000000    0.116970083521877
 5.790000000000000    0.115558974840365
 5.795000000000000    0.114232009257136
 5.800000000000001    0.112987884253111
 5.805000000000000    0.111825267988350
 5.810000000000001    0.110742802935997
 5.814999999999999    0.109739109361781
 5.820000000000000    0.108812788647893
 5.825000000000000    0.107962426460840
 5.830000000000000    0.107186595763548
 5.835000000000000    0.106483859672700
 5.840000000000000    0.105852774162895
 5.845000000000001    0.105291890619683
 5.850000000000000    0.104799758244075
 5.855000000000000    0.104374926311488
 5.859999999999999    0.104015946288511
 5.865000000000000    0.103721373811090
 5.870000000000000    0.103489770528118
 5.875000000000000    0.103319705814519
 5.880000000000000    0.103209758358172
 5.885000000000000    0.103158517625123
 5.890000000000001    0.103164585207651
 5.895000000000000    0.103226576059805
 5.900000000000000    0.103343119625111
 5.905000000000000    0.103512860861112
 5.910000000000000    0.103734461165447
 5.915000000000000    0.104006599208092
 5.920000000000000    0.104327971674407
 5.925000000000001    0.104697293923464
 5.930000000000000    0.105113300566185
 5.935000000000001    0.105574745967586
 5.939999999999999    0.106080404677420
 5.945000000000000    0.106629071793374
 5.950000000000000    0.107219563260811
 5.955000000000000    0.107850716112974
 5.960000000000000    0.108521388655434
 5.965000000000000    0.109230460598370
 5.970000000000001    0.109976833140236
 5.975000000000000    0.110759429006086
 5.980000000000000    0.111577192443870
 5.984999999999999    0.112429089181697
 5.990000000000000    0.113314106349026
 5.995000000000000    0.114231252364612
 6.000000000000000    0.115179556793816
 6.005000000000000    0.116158070177865
 6.010000000000000    0.117165863837417
 6.015000000000000    0.118202029652733
 6.020000000000000    0.119265679822588
 6.025000000000000    0.120355946603967
 6.030000000000000    0.121471982034432
 6.035000000000000    0.122612957639004
 6.040000000000000    0.123778064123195
 6.045000000000000    0.124966511053834
 6.050000000000000    0.126177526529138
 6.055000000000000    0.127410356839440
 6.060000000000001    0.128664266119865
 6.065000000000000    0.129938535996162
 6.070000000000000    0.131232465224852
 6.075000000000000    0.132545369328694
 6.080000000000000    0.133876580228489
 6.085000000000000    0.135225445872096
 6.090000000000000    0.136591329861508
 6.095000000000000    0.137973611078751
 6.100000000000000    0.139371683311323
 6.105000000000000    0.140784954877819
 6.110000000000000    0.142212848254341
 6.115000000000000    0.143654799702242
 6.120000000000000    0.145110258897694
 6.125000000000000    0.146578688563551
 6.130000000000000    0.148059564103899
 6.135000000000000    0.149552373241673
 6.140000000000000    0.151056615659675
 6.145000000000000    0.152571802645297
 6.150000000000000    0.154097456739206
 6.155000000000000    0.155633111388233
 6.160000000000000    0.157178310602681
 6.165000000000000    0.158732608618225
 6.170000000000000    0.160295569562567
 6.175000000000000    0.161866767126993
 6.180000000000000    0.163445784242914
 6.185000000000001    0.165032212763543
 6.190000000000000    0.166625653150725
 6.195000000000000    0.168225714167034
 6.200000000000000    0.169832012573154
 6.205000000000000    0.171444172830586
 6.210000000000000    0.173061826809718
 6.215000000000000    0.174684613503240
 6.220000000000000    0.176312178744934
 6.225000000000000    0.177944174933808
 6.230000000000000    0.179580260763572
 6.235000000000000    0.181220100957422
 6.240000000000000    0.182863366008106
 6.245000000000000    0.184509731923236
 6.250000000000000    0.186158879975798
 6.255000000000000    0.187810496459816
 6.260000000000000    0.189464272451128
 6.265000000000000    0.191119903573204
 6.270000000000000    0.192777089767963
 6.275000000000000    0.194435535071529
 6.280000000000000    0.196094947394846
 6.285000000000000    0.197755038309131
 6.290000000000000    0.199415522836051
 6.295000000000000    0.201076119242605
 6.300000000000000    0.202736548840615
 6.305000000000000    0.204396535790782
 6.310000000000001    0.206055806911240
 6.315000000000000    0.207714091490527
 6.320000000000000    0.209371121104946
 6.325000000000000    0.211026629440217
 6.330000000000000    0.212680352117385
 6.335000000000000    0.214332026522925
 6.340000000000000    0.215981391642970
 6.345000000000000    0.217628187901624
 6.350000000000001    0.219272157003305
 6.355000000000000    0.220913041779062
 6.360000000000000    0.222550586036818
 6.365000000000000    0.224184534415502
 6.370000000000000    0.225814632243011
 6.375000000000000    0.227440625397980
 6.380000000000000    0.229062260175311
 6.385000000000000    0.230679283155416
 6.390000000000000    0.232291441077165
 6.395000000000000    0.233898480714495
 6.400000000000000    0.235500148756644
 6.405000000000000    0.237096191692006
 6.410000000000000    0.238686355695579
 6.415000000000000    0.240270386519968
 6.420000000000000    0.241848029389971
 6.425000000000000    0.243419028900683
 6.430000000000000    0.244983128919154
 6.435000000000001    0.246540072489575
 6.440000000000000    0.248089601741978
 6.445000000000000    0.249631457804480
 6.450000000000000    0.251165380719043
 6.455000000000000    0.252691109360777
 6.460000000000000    0.254208381360782
 6.465000000000000    0.255716933032556
 6.470000000000000    0.257216499301954
 6.475000000000001    0.258706813640761
 6.480000000000000    0.260187608003848
 6.485000000000000    0.261658612769982
 6.490000000000000    0.263119556686272
 6.495000000000000    0.264570166816313
 6.500000000000000    0.266010168492043
 6.505000000000000    0.267439285269348
 6.510000000000000    0.268857238887445
 6.515000000000000    0.270263749232101
 6.520000000000000    0.271658534302704
 6.525000000000000    0.273041310183236
 6.530000000000000    0.274411791017201
 6.535000000000000    0.275769688986547
 6.540000000000000    0.277114714294624
 6.545000000000000    0.278446575153238
 6.550000000000000    0.279764977773847
 6.555000000000000    0.281069626362947
 6.560000000000001    0.282360223121710
 6.565000000000000    0.283636468249922
 6.570000000000000    0.284898059954278
 6.575000000000000    0.286144694461095
 6.580000000000000    0.287376066033485
 6.585000000000000    0.288591866993067
 6.590000000000000    0.289791787746253
 6.595000000000000    0.290975516815182
 6.600000000000001    0.292142740873350
 6.605000000000000    0.293293144785995
 6.610000000000000    0.294426411655297
 6.615000000000000    0.295542222870431
 6.620000000000000    0.296640258162557
 6.625000000000000    0.297720195664772
 6.630000000000000    0.298781711977084
 6.635000000000000    0.299824482236465
 6.640000000000000    0.300848180192021
 6.645000000000000    0.301852478285324
 6.650000000000000    0.302837047735948
 6.655000000000000    0.303801558632260
 6.660000000000000    0.304745680027480
 6.665000000000000    0.305669080041060
 6.670000000000000    0.306571425965406
 6.675000000000000    0.307452384377962
 6.680000000000000    0.308311621258683
 6.685000000000001    0.309148802112906
 6.690000000000000    0.309963592099632
 6.695000000000000    0.310755656165233
 6.700000000000000    0.311524659182552
 6.705000000000000    0.312270266095442
 6.710000000000000    0.312992142068675
 6.715000000000000    0.313689952643227
 6.720000000000000    0.314363363896937
 6.725000000000001    0.315012042610437
 6.730000000000000    0.315635656438404
 6.735000000000000    0.316233874085985
 6.740000000000000    0.316806365490431
 6.745000000000000    0.317352802007799
 6.750000000000000    0.317872856604693
 6.755000000000000    0.318366204054941
 6.760000000000000    0.318832521141122
 6.765000000000000    0.319271486860828
 6.770000000000000    0.319682782637572
 6.775000000000000    0.320066092536192
 6.780000000000000    0.320421103482634
 6.785000000000000    0.320747505487975
 6.790000000000000    0.321044991876521
 6.795000000000000    0.321313259517807
 6.800000000000000    0.321552009062362
 6.805000000000000    0.321760945180997
 6.810000000000001    0.321939776807475
 6.815000000000000    0.322088217384307
 6.820000000000000    0.322205985111484
 6.825000000000000    0.322292803197895
 6.830000000000000    0.322348400115218
 6.835000000000000    0.322372509853982
 6.840000000000000    0.322364872181588
 6.845000000000000    0.322325232901970
 6.850000000000001    0.322253344116648
 6.855000000000000    0.322148964486836
 6.860000000000000    0.322011859496335
 6.865000000000000    0.321841801714872
 6.870000000000000    0.321638571061560
 6.875000000000000    0.321401955068149
 6.880000000000000    0.321131749141717
 6.885000000000000    0.320827756826449
 6.890000000000000    0.320489790064127
 6.895000000000000    0.320117669453005
 6.900000000000000    0.319711224504612
 6.905000000000000    0.319270293898194
 6.910000000000000    0.318794725732310
 6.915000000000000    0.318284377773274
 6.920000000000000    0.317739117699955
 6.925000000000000    0.317158823344621
 6.930000000000000    0.316543382929311
 6.935000000000001    0.315892695297450
 6.940000000000000    0.315206670140184
 6.945000000000000    0.314485228217070
 6.950000000000000    0.313728301570727
 6.955000000000000    0.312935833734980
 6.960000000000000    0.312107779936133
 6.965000000000000    0.311244107286948
 6.970000000000000    0.310344794972922
 6.975000000000001    0.309409834430468
 6.980000000000000    0.308439229516593
 6.985000000000000    0.307432996669702
 6.990000000000000    0.306391165061149
 6.995000000000000    0.305313776737148
 7.000000000000000    0.304200886750706
 7.005000000000000    0.303272983242509
 7.010000000000000    0.302306545921368
 7.015000000000000    0.301300940795400
 7.020000000000000    0.300255536206340
 7.025000000000000    0.299169703613701
 7.030000000000000    0.298042818416817
 7.035000000000000    0.296874260815292
 7.040000000000000    0.295663416708252
 7.045000000000000    0.294409678632724
 7.050000000000000    0.293112446741345
 7.055000000000000    0.291771129819506
 7.060000000000001    0.290385146341876
 7.065000000000000    0.288953925568154
 7.070000000000000    0.287476908677709
 7.075000000000000    0.285953549942644
 7.080000000000000    0.284383317938613
 7.085000000000000    0.282765696792570
 7.090000000000000    0.281100187466407
 7.095000000000000    0.279386309075257
 7.100000000000001    0.277623600239000
 7.105000000000000    0.275811620465299
 7.110000000000000    0.273949951562241
 7.115000000000000    0.272038199078424
 7.120000000000000    0.270075993768056
 7.125000000000000    0.268062993078387
 7.130000000000000    0.265998882656495
 7.135000000000000    0.263883377872189
 7.140000000000000    0.261716225353494
 7.145000000000000    0.259497204530878
 7.150000000000000    0.257226129186128
 7.155000000000000    0.254902849001428
 7.160000000000000    0.252527251103951
 7.165000000000000    0.250099261600944
 7.170000000000000    0.247618847100022
 7.175000000000000    0.245086016209095
 7.180000000000000    0.242500821010077
 7.185000000000001    0.239863358500275
 7.190000000000000    0.237173771995104
 7.195000000000000    0.234432252485542
 7.200000000000000    0.231639039943549
 7.205000000000000    0.228794424568466
 7.210000000000000    0.225898747967278
 7.215000000000000    0.222952404261457
 7.220000000000000    0.219955841113078
 7.225000000000001    0.216909560662747
 7.230000000000000    0.213814120371945
 7.235000000000000    0.210670133762359
 7.240000000000000    0.207478271044872
 7.245000000000000    0.204239259630965
 7.250000000000000    0.200953884519472
 7.255000000000000    0.197622988551842
 7.260000000000000    0.194247472529302
 7.265000000000000    0.190828295185689
 7.270000000000000    0.187366473010036
 7.275000000000000    0.183863079913483
 7.280000000000000    0.180319246735553
 7.285000000000000    0.176736160585365
 7.290000000000000    0.173115064014009
 7.295000000000000    0.169457254014892
 7.300000000000000    0.165764080849629
 7.305000000000000    0.162036946697797
 7.310000000000001    0.158277304129633
 7.315000000000000    0.154486654401660
 7.320000000000000    0.150666545576029
 7.325000000000000    0.146818570465363
 7.330000000000000    0.142944364405721
 7.335000000000000    0.139045602861351
 7.340000000000000    0.135123998865795
 7.345000000000000    0.131181300304910
 7.350000000000001    0.127219287048339
 7.355000000000000    0.123239767936914
 7.360000000000000    0.119244577634409
 7.365000000000000    0.115235573352991
 7.370000000000000    0.111214631462570
 7.375000000000000    0.107183643995101
 7.380000000000000    0.103144515055670
 7.385000000000000    0.099099157152917
 7.390000000000000    0.095049487462006
 7.395000000000000    0.090997424033942
 7.400000000000000    0.086944881965539
 7.405000000000000    0.082893769544764
 7.410000000000000    0.078845984386508
 7.415000000000000    0.074803409574070
 7.420000000000000    0.070767909821795
 7.425000000000000    0.066741327674324
 7.430000000000000    0.062725479757860
 7.435000000000001    0.058722153098707
 7.440000000000000    0.054733101524036
 7.445000000000000    0.050760042159495
 7.450000000000000    0.046804652037842
 7.455000000000000    0.042868564832151
 7.460000000000000    0.038953367726575
 7.465000000000000    0.035060598436886
 7.470000000000000    0.031191742392200
 7.475000000000001    0.027348230088458
 7.480000000000000    0.023531434623244
 7.485000000000000    0.019742669420576
 7.490000000000000    0.015983186153236
 7.495000000000000    0.012254172869152
 7.500000000000000    0.008556752327200
 7.505000000000000    0.004891980546727
 7.510000000000000    0.001260845573889
 7.515000000000000   -0.002335733533177
 7.520000000000000   -0.005896907499487
 7.525000000000000   -0.009421897408939
 7.530000000000000   -0.012909995061941
 7.535000000000000   -0.016360563117384
 7.540000000000000   -0.019773035022391
 7.545000000000000   -0.023146914734247
 7.550000000000000   -0.026481776239881
 7.555000000000000   -0.029777262879117
 7.560000000000001   -0.033033086478740
 7.565000000000000   -0.036249026305190
 7.570000000000000   -0.039424927844383
 7.575000000000000   -0.042560701417763
 7.580000000000000   -0.045656320644304
 7.585000000000000   -0.048711820758607
 7.590000000000000   -0.051727296795719
 7.595000000000000   -0.054702901653614
 7.600000000000001   -0.057638844044620
 7.605000000000000   -0.060535386347263
 7.610000000000000   -0.063392842370223
 7.615000000000000   -0.066211575040161
 7.620000000000000   -0.068991994025319
 7.625000000000000   -0.071734553306754
 7.630000000000000   -0.074439748709092
 7.635000000000000   -0.077108115402612
 7.640000000000000   -0.079740225388408
 7.645000000000000   -0.082336684978240
 7.650000000000000   -0.084898132280580
 7.655000000000000   -0.087425234704206
 7.660000000000000   -0.089918686490537
 7.665000000000000   -0.092379206285773
 7.670000000000000   -0.094807534763729
 7.675000000000000   -0.097204432310127
 7.680000000000000   -0.099570676778996
 7.685000000000001   -0.101907061331701
 7.690000000000000   -0.104214392369089
 7.695000000000000   -0.106493487567171
 7.700000000000000   -0.108745174026770
 7.705000000000000   -0.110970286547617
 7.710000000000000   -0.113169666037451
 7.715000000000000   -0.115344158066869
 7.720000000000000   -0.117494611580815
 7.725000000000001   -0.119621877777931
 7.730000000000000   -0.121726809169266
 7.735000000000000   -0.123810258828278
 7.740000000000000   -0.125873079844479
 7.745000000000000   -0.127916124993628
 7.750000000000000   -0.129940246637922
 7.755000000000000   -0.131946296870257
 7.760000000000000   -0.133935127917297
 7.765000000000000   -0.135907592816729
 7.770000000000000   -0.137864546384738
 7.775000000000000   -0.139806846490367
 7.780000000000000   -0.141735355653876
 7.785000000000000   -0.143650942986638
 7.790000000000000   -0.145554486490202
 7.795000000000000   -0.147446875731940
 7.800000000000000   -0.149329014914103
 7.805000000000000   -0.151201826351807
 7.810000000000001   -0.153066254373484
 7.815000000000000   -0.154923269654239
 7.820000000000000   -0.156773873988238
 7.825000000000000   -0.158619105500195
 7.830000000000000   -0.160460044288026
 7.835000000000000   -0.162297818478073
 7.840000000000000   -0.164133610660612
 7.845000000000000   -0.165968664655865
 7.850000000000001   -0.167804292538690
 7.855000000000000   -0.169641881822757
 7.860000000000000   -0.171482902671372
 7.865000000000000   -0.173328914961226
 7.870000000000000   -0.175181574976371
 7.875000000000000   -0.177042641451703
 7.880000000000000   -0.178913980617598
 7.885000000000000   -0.180797569819820
 7.890000000000000   -0.182695499201625
 7.895000000000000   -0.184609970839388
 7.900000000000000   -0.186543294621438
 7.905000000000000   -0.188497880056091
 7.910000000000000   -0.190476223095466
 7.915000000000000   -0.192480886975310
 7.920000000000000   -0.194514476009907
 7.925000000000000   -0.196579601260837
 7.930000000000000   -0.198678837038276
 7.935000000000001   -0.200814667316409
 7.940000000000000   -0.202989421375555
 7.945000000000000   -0.205205198348480
 7.950000000000000   -0.207463780869844
 7.955000000000000   -0.209766538721777
 7.960000000000000   -0.212114324237647
 7.965000000000000   -0.214507362253065
 7.970000000000000   -0.216945138533801
 7.975000000000001   -0.219426291787597
 7.980000000000000   -0.221948515468244
 7.985000000000000   -0.224508476460572
 7.990000000000000   -0.227101758225903
 7.995000000000000   -0.229722835917903
 8.000000000000000   -0.232365090200971
 8.004999999999999   -0.235020864927870
 8.010000000000000   -0.237681571461033
 8.015000000000001   -0.240337839370258
 8.020000000000000   -0.242979709750117
 8.025000000000000   -0.245596863824396
 8.030000000000001   -0.248178876261371
 8.035000000000000   -0.250715480136022
 8.039999999999999   -0.253196829097812
 8.045000000000000   -0.255613742252677
 8.050000000000001   -0.257957918580254
 8.055000000000000   -0.260222110223939
 8.060000000000001   -0.262400247388450
 8.065000000000001   -0.264487511426968
 8.070000000000000   -0.266480356538037
 8.074999999999999   -0.268376483906725
 8.080000000000000   -0.270174774805952
 8.085000000000001   -0.271875190949195
 8.090000000000000   -0.273478651221696
 8.094999999999999   -0.274986893898582
 8.100000000000001   -0.276402332751851
 8.105000000000000   -0.277727914261896
 8.109999999999999   -0.278966981695078
 8.115000000000000   -0.280123150274712
 8.120000000000001   -0.281200196206439
 8.125000000000000   -0.282201961021318
 8.129999999999999   -0.283132271627979
 8.135000000000000   -0.283994875638458
 8.140000000000001   -0.284793390943034
 8.145000000000000   -0.285531268131641
 8.150000000000000   -0.286211764157883
 8.155000000000001   -0.286837925578030
 8.160000000000000   -0.287412579734934
 8.164999999999999   -0.287938332363027
 8.170000000000000   -0.288417570238672
 8.175000000000001   -0.288852467669139
 8.180000000000000   -0.289244995787800
 8.185000000000001   -0.289596933792115
 8.190000000000001   -0.289909881417644
 8.195000000000000   -0.290185272081828
 8.199999999999999   -0.290424386253977
 8.205000000000000   -0.290628364712532
 8.210000000000001   -0.290798221438303
 8.215000000000000   -0.290934855964255
 8.219999999999999   -0.291039065060478
 8.225000000000001   -0.291111553679039
 8.230000000000000   -0.291152945119214
 8.234999999999999   -0.291163790400995
 8.240000000000000   -0.291144576855138
 8.245000000000001   -0.291095735952744
 8.250000000000000   -0.291017650407673
 8.254999999999999   -0.290910660591749
 8.260000000000000   -0.290775070306770
 8.265000000000001   -0.290611151959210
 8.270000000000000   -0.290419151183881
 8.275000000000000   -0.290199290962047
 8.280000000000001   -0.289951775277936
 8.285000000000000   -0.289676792355467
 8.289999999999999   -0.289374517514604
 8.295000000000000   -0.289045115684097
 8.300000000000001   -0.288688743604691
 8.305000000000000   -0.288305551754183
 8.310000000000001   -0.287895686023104
 8.315000000000001   -0.287459289167269
 8.320000000000000   -0.286996502061095
 8.324999999999999   -0.286507464773315
 8.330000000000000   -0.285992317484697
 8.335000000000001   -0.285451201265430
 8.340000000000000   -0.284884258728101
 8.344999999999999   -0.284291634570592
 8.350000000000001   -0.283673476021734
 8.355000000000000   -0.283029933201288
 8.359999999999999   -0.282361159404544
 8.365000000000000   -0.281667311320837
 8.370000000000001   -0.280948549194220
 8.375000000000000   -0.280205036933709
 8.379999999999999   -0.279436942179694
 8.385000000000000   -0.278644436332422
 8.390000000000001   -0.277827694547805
 8.395000000000000   -0.276986895705241
 8.400000000000000   -0.276122222351614
 8.405000000000001   -0.275233860625212
 8.410000000000000   -0.274322000162844
 8.414999999999999   -0.273386833993109
 8.420000000000000   -0.272428558418422
 8.425000000000001   -0.271447372888111
 8.430000000000000   -0.270443479864646
 8.435000000000001   -0.269417084684793
 8.440000000000001   -0.268368395417326
 8.445000000000000   -0.267297622718692
 8.449999999999999   -0.266204979687888
 8.455000000000000   -0.265090681721641
 8.460000000000001   -0.263954946370850
 8.465000000000000   -0.262797993199136
 8.469999999999999   -0.261620043644227
 8.475000000000001   -0.260421320882813
 8.480000000000000   -0.259202049699420
 8.484999999999999   -0.257962456359768
 8.490000000000000   -0.256702768489028
 8.495000000000001   -0.255423214955296
 8.500000000000000   -0.254124025758581
 8.504999999999999   -0.252805431925541
 8.510000000000000   -0.251467665410146
 8.515000000000001   -0.250110959000426
 8.520000000000000   -0.248735546231416
 8.525000000000000   -0.247341661304378
 8.530000000000001   -0.245929539012356
 8.535000000000000   -0.244499414672094
 8.539999999999999   -0.243051524062323
 8.545000000000000   -0.241586103368400
 8.550000000000001   -0.240103389133284
 8.555000000000000   -0.238603618214775
 8.560000000000001   -0.237087027748984
 8.565000000000001   -0.235553855119952
 8.570000000000000   -0.234004337935320
 8.574999999999999   -0.232438714007985
 8.580000000000000   -0.230857221343618
 8.585000000000001   -0.229260098133951
 8.590000000000000   -0.227647582755704
 8.594999999999999   -0.226019913775041
 8.600000000000001   -0.224377329957434
 8.605000000000000   -0.222720070282795
 8.609999999999999   -0.221048373965739
 8.615000000000000   -0.219362480480858
 8.620000000000003   -0.217662629592853
 8.625000000000000   -0.215949061391383
 8.629999999999997   -0.214222016330487
 8.635000000000000   -0.212481735272432
 8.640000000000001   -0.210728459535848
 8.645000000000000   -0.208962430947977
 8.650000000000000   -0.207183891900904
 8.655000000000001   -0.205393085411612
 8.660000000000000   -0.203590255185697
 8.664999999999999   -0.201775645684600
 8.670000000000000   -0.199949502196191
 8.675000000000001   -0.198112070908539
 8.680000000000000   -0.196263598986728
 8.685000000000001   -0.194404334652532
 8.690000000000001   -0.192534527266806
 8.695000000000000   -0.190654427414418
 8.699999999999999   -0.188764286991548
 8.705000000000000   -0.186864359295206
 8.710000000000001   -0.184954899114783
 8.715000000000000   -0.183036162825460
 8.719999999999999   -0.181108408483313
 8.725000000000001   -0.179171895921916
 8.730000000000000   -0.177226886850303
 8.734999999999999   -0.175273644952040
 8.740000000000000   -0.173312435985299
 8.745000000000003   -0.171343527883678
 8.750000000000000   -0.169367190857633
 8.754999999999997   -0.167383697496270
 8.760000000000000   -0.165393322869357
 8.765000000000001   -0.163396344629315
 8.770000000000000   -0.161393043112995
 8.775000000000000   -0.159383701443035
 8.780000000000001   -0.157368605628591
 8.785000000000000   -0.155348044665210
 8.789999999999999   -0.153322310633633
 8.795000000000000   -0.151291698797312
 8.800000000000001   -0.149256507698402
 8.805000000000000   -0.147217039252001
 8.810000000000001   -0.145173598838398
 8.815000000000001   -0.143126495393091
 8.820000000000000   -0.141076041494342
 8.824999999999999   -0.139022553447986
 8.830000000000000   -0.136966351369296
 8.835000000000001   -0.134907759261593
 8.840000000000000   -0.132847105091378
 8.844999999999999   -0.130784720859704
 8.850000000000001   -0.128720942669529
 8.855000000000000   -0.126656110788792
 8.859999999999999   -0.124590569708897
 8.865000000000000   -0.122524668198385
 8.870000000000003   -0.120458759351477
 8.875000000000000   -0.118393200631230
 8.879999999999997   -0.116328353906997
 8.885000000000000   -0.114264585485952
 8.890000000000001   -0.112202266138353
 8.895000000000000   -0.110141771116289
 8.900000000000000   -0.108083480165609
 8.905000000000001   -0.106027777530769
 8.910000000000000   -0.103975051952301
 8.914999999999999   -0.101925696656627
 8.920000000000000   -0.099880109337959
 8.925000000000001   -0.097838692131991
 8.930000000000000   -0.095801851581127
 8.935000000000001   -0.093769998590981
 8.940000000000001   -0.091743548377893
 8.945000000000000   -0.089722920407215
 8.949999999999999   -0.087708538322110
 8.955000000000000   -0.085700829862656
 8.960000000000001   -0.083700226775007
 8.965000000000000   -0.081707164710424
 8.969999999999999   -0.079722083113947
 8.975000000000001   -0.077745425102545
 8.980000000000000   -0.075777637332569
 8.984999999999999   -0.073819169856320
 8.990000000000000   -0.071870475967635
 8.995000000000003   -0.069932012036336
 9.000000000000000   -0.068004237331443
 9.004999999999997   -0.066087613833063
 9.010000000000000   -0.064182606032897
 9.015000000000001   -0.062289680723322
 9.020000000000000   -0.060409306775006
 9.025000000000000   -0.058541954903087
 9.030000000000001   -0.056688097421934
 9.035000000000000   -0.054848207988536
 9.039999999999999   -0.053022761334614
 9.045000000000000   -0.051212232987560
 9.050000000000001   -0.049417098980347
 9.055000000000000   -0.047637835550564
 9.060000000000001   -0.045874918828800
 9.065000000000001   -0.044128824516590
 9.070000000000000   -0.042400027554187
 9.074999999999999   -0.040689001778463
 9.080000000000000   -0.038996219571265
 9.085000000000001   -0.037322151498583
 9.090000000000000   -0.035667265940930
 9.094999999999999   -0.034032028715354
 9.100000000000001   -0.032416902689559
 9.105000000000000   -0.030822347388617
 9.109999999999999   -0.029248818594798
 9.115000000000000   -0.027696767941095
 9.120000000000003   -0.026166642499016
 9.125000000000000   -0.024658884361285
 9.129999999999997   -0.023173930220094
 9.135000000000000   -0.021712210941599
 9.140000000000001   -0.020274151137375
 9.145000000000000   -0.018860168733555
 9.150000000000000   -0.017470674538436
 9.155000000000001   -0.016106071809332
 9.160000000000000   -0.014766755819496
 9.164999999999999   -0.013453113425923
 9.170000000000000   -0.012165522638911
 9.175000000000001   -0.010904352194232
 9.180000000000000   -0.009669961128793
 9.185000000000001   -0.008462698360688
 9.190000000000001   -0.007282902274533
 9.195000000000000   -0.006130900313008
 9.199999999999999   -0.005007008575488
 9.205000000000000   -0.003911531424713
 9.210000000000001   -0.002844761102374
 9.215000000000000   -0.001806977354537
 9.219999999999999   -0.000798447067798
 9.225000000000001    0.000180576082953
 9.230000000000000    0.001129851974273
 9.234999999999999    0.002049154360580
 9.240000000000000    0.002938271186392
 9.245000000000003    0.003797004883584
 9.250000000000000    0.004625172652888
 9.254999999999997    0.005422606728889
 9.260000000000000    0.006189154627774
 9.265000000000001    0.006924679377179
 9.270000000000000    0.007629059727472
 9.275000000000000    0.008302190343870
 9.280000000000001    0.008943981978834
 9.285000000000000    0.009554361624222
 9.289999999999999    0.010133272642736
 9.295000000000000    0.010680674878238
 9.300000000000001    0.011196544744580
 9.305000000000000    0.011680875292632
 9.310000000000001    0.012133676255243
 9.315000000000001    0.012554974069944
 9.320000000000000    0.012944811879240
 9.324999999999999    0.013303249508411
 9.330000000000000    0.013630363420785
 9.335000000000001    0.013926246650521
 9.340000000000000    0.014191008712982
 9.344999999999999    0.014424775492854
 9.350000000000001    0.014627689110200
 9.355000000000000    0.014799907764729
 9.359999999999999    0.014941605558586
 9.365000000000000    0.015052972298030
 9.370000000000003    0.015134213274441
 9.375000000000000    0.015185549025124
 9.379999999999997    0.015207215074444
 9.385000000000000    0.015199461655857
 9.390000000000001    0.015162553415474
 9.395000000000000    0.015096769097822
 9.400000000000000    0.015002401214493
 9.405000000000001    0.014879755696451
 9.410000000000000    0.014729151530760
 9.414999999999999    0.014550920382555
 9.420000000000000    0.014345406203100
 9.425000000000001    0.014112964824799
 9.430000000000000    0.013853963544057
 9.435000000000001    0.013568780692906
 9.440000000000001    0.013257805200326
 9.445000000000000    0.012921436144204
 9.449999999999999    0.012560082294885
 9.455000000000000    0.012174161651282
 9.460000000000001    0.011764100970510
 9.465000000000000    0.011330335292003
 9.469999999999999    0.010873307457092
 9.475000000000001    0.010393467624991
 9.480000000000000    0.009891272786148
 9.484999999999999    0.009367186273893
 9.490000000000000    0.008821677275328
 9.495000000000003    0.008255220342338
 9.500000000000000    0.007668294903641
 9.504999999999997    0.007061384778720
 9.510000000000000    0.006434977694513
 9.515000000000001    0.005789564805648
 9.520000000000000    0.005125640219031
 9.525000000000000    0.004443700523550
 9.530000000000001    0.003744244325620
 9.535000000000000    0.003027771791280
 9.539999999999999    0.002294784195484
 9.545000000000000    0.001545783479243
 9.550000000000001    0.000781271815205
 9.555000000000000    0.000001751182223
 9.560000000000001   -0.000792277050559
 9.565000000000001   -0.001600312529606
 9.570000000000000   -0.002421856312447
 9.574999999999999   -0.003256411252271
 9.580000000000000   -0.004103482371275
 9.585000000000001   -0.004962577222450
 9.590000000000000   -0.005833206239490
 9.594999999999999   -0.006714883074566
 9.600000000000001   -0.007607124923747
 9.605000000000000   -0.008509452839858
 9.609999999999999   -0.009421392032642
 9.615000000000000   -0.010342472156082
 9.620000000000003   -0.011272227582805
 9.625000000000000   -0.012210197665511
 9.629999999999997   -0.013155926985391
 9.635000000000000   -0.014108965587542
 9.640000000000001   -0.015068869203406
 9.645000000000000   -0.016035199460303
 9.650000000000000   -0.017007524078120
 9.655000000000001   -0.017985417053279
 9.660000000000000   -0.018968458830116
 9.664999999999999   -0.019956236459819
 9.670000000000000   -0.020948343747094
 9.675000000000001   -0.021944381384766
 9.680000000000000   -0.022943957076508
 9.685000000000001   -0.023946685647943
 9.690000000000001   -0.024952189146346
 9.695000000000000   -0.025960096929206
 9.699999999999999   -0.026970045741928
 9.705000000000000   -0.027981679784926
 9.710000000000001   -0.028994650770432
 9.715000000000000   -0.030008617969291
 9.719999999999999   -0.031023248248056
 9.725000000000001   -0.032038216096702
 9.730000000000000   -0.033053203647259
 9.734999999999999   -0.034067900683713
 9.740000000000000   -0.035082004643458
 9.745000000000003   -0.036095220610669
 9.750000000000000   -0.037107261301892
 9.754999999999997   -0.038117847044196
 9.760000000000000   -0.039126705746206
 9.765000000000001   -0.040133572862345
 9.770000000000000   -0.041138191350615
 9.775000000000000   -0.042140311624231
 9.780000000000001   -0.043139691497430
 9.785000000000000   -0.044136096125767
 9.789999999999999   -0.045129297941218
 9.795000000000000   -0.046119076582376
 9.800000000000001   -0.047105218820058
 9.805000000000000   -0.048087518478612
 9.810000000000001   -0.049065776353198
 9.815000000000001   -0.050039800123350
 9.820000000000000   -0.051009404263069
 9.824999999999999   -0.051974409947728
 9.830000000000000   -0.052934644958045
 9.835000000000001   -0.053889943581375
 9.840000000000000   -0.054840146510571
 9.844999999999999   -0.055785100740640
 9.850000000000001   -0.056724659463443
 9.855000000000000   -0.057658681960631
 9.859999999999999   -0.058587033495064
 9.865000000000000   -0.059509585200889
 9.870000000000003   -0.060426213972494
 9.875000000000000   -0.061336802352510
 9.879999999999997   -0.062241238419065
 9.885000000000000   -0.063139415672439
 9.890000000000001   -0.064031232921300
 9.895000000000000   -0.064916594168679
 9.900000000000000   -0.065795408497828
 9.905000000000001   -0.066667589958109
 9.910000000000000   -0.067533057451040
 9.914999999999999   -0.068391734616645
 9.920000000000000   -0.069243549720211
 9.925000000000001   -0.070088435539576
 9.930000000000000   -0.070926329253048
 9.935000000000001   -0.071757172328068
 9.940000000000001   -0.072580910410705
 9.945000000000000   -0.073397493216064
 9.949999999999999   -0.074206874419704
 9.955000000000000   -0.075009011550138
 9.960000000000001   -0.075803865882475
 9.965000000000000   -0.076591402333290
 9.969999999999999   -0.077371589356766
 9.975000000000001   -0.078144398842171
 9.980000000000000   -0.078909806012713
 9.984999999999999   -0.079667789325842
 9.990000000000000   -0.080418330375001
 9.995000000000003   -0.081161413792905
10.000000000000000   -0.081897027156351
10.005000000000001   -0.082625160892604
10.010000000000000   -0.083345808187381
10.015000000000001   -0.084058964894450
10.020000000000000   -0.084764629446871
10.025000000000000   -0.085462802769888
10.029999999999999   -0.086153488195484
10.035000000000000   -0.086836691378617
10.039999999999999   -0.087512420215131
10.045000000000000   -0.088180684761360
10.050000000000001   -0.088841497155406
10.055000000000000   -0.089494871540121
10.060000000000000   -0.090140823987757
10.065000000000000   -0.090779372426307
10.070000000000000   -0.091410536567508
10.074999999999999   -0.092034337836514
10.080000000000000   -0.092650799303221
10.085000000000001   -0.093259945615228
10.090000000000000   -0.093861802932439
10.095000000000001   -0.094456398863263
10.100000000000000   -0.095043762402420
10.105000000000000   -0.095623923870334
10.109999999999999   -0.096196914854074
10.115000000000000   -0.096762768149855
10.120000000000003   -0.097321517707050
10.125000000000000   -0.097873198573718
10.130000000000001   -0.098417846843604
10.135000000000000   -0.098955499604609
10.140000000000001   -0.099486194888690
10.145000000000000   -0.100009971623183
10.150000000000000   -0.100526869583516
10.154999999999999   -0.101036929347285
10.160000000000000   -0.101540192249683
10.164999999999999   -0.102036700340243
10.170000000000000   -0.102526496340883
10.175000000000001   -0.103009623605213
10.180000000000000   -0.103486126079097
10.185000000000000   -0.103956048262431
10.190000000000000   -0.104419435172123
10.195000000000000   -0.104876332306235
10.199999999999999   -0.105326785609286
10.205000000000000   -0.105770841438666
10.210000000000001   -0.106208546532147
10.215000000000000   -0.106639947976480
10.220000000000001   -0.107065093177022
10.225000000000000   -0.107484029828404
10.230000000000000   -0.107896805886188
10.234999999999999   -0.108303469539506
10.240000000000000   -0.108704069184651
10.245000000000003   -0.109098653399597
10.250000000000000   -0.109487270919425
10.255000000000001   -0.109869970612635
10.260000000000000   -0.110246801458318
10.265000000000001   -0.110617812524167
10.270000000000000   -0.110983052945304
10.275000000000000   -0.111342571903909
10.279999999999999   -0.111696418609614
10.285000000000000   -0.112044642280663
10.289999999999999   -0.112387292125790
10.295000000000000   -0.112724417326827
10.300000000000001   -0.113056067021993
10.305000000000000   -0.113382290289862
10.310000000000000   -0.113703136133989
10.315000000000000   -0.114018653468161
10.320000000000000   -0.114328891102285
10.324999999999999   -0.114633897728855
10.330000000000000   -0.114933721910016
10.335000000000001   -0.115228412065190
10.340000000000000   -0.115518016459248
10.345000000000001   -0.115802583191211
10.350000000000000   -0.116082160183478
10.355000000000000   -0.116356795171543
10.359999999999999   -0.116626535694200
10.365000000000000   -0.116891429084221
10.370000000000003   -0.117151522459483
10.375000000000000   -0.117406862714541
10.380000000000001   -0.117657496512621
10.385000000000000   -0.117903470278038
10.390000000000001   -0.118144830188994
10.395000000000000   -0.118381622170785
10.400000000000000   -0.118613891889362
10.404999999999999   -0.118841684745267
10.410000000000000   -0.119065045867913
10.414999999999999   -0.119284020110199
10.420000000000000   -0.119498652043457
10.425000000000001   -0.119708985952712
10.430000000000000   -0.119915065832244
10.435000000000000   -0.120116935381447
10.440000000000000   -0.120314638000968
10.445000000000000   -0.120508216789123
10.449999999999999   -0.120697714538579
10.455000000000000   -0.120883173733278
10.460000000000001   -0.121064636545626
10.465000000000000   -0.121242144833899
10.470000000000001   -0.121415740139889
10.475000000000000   -0.121585463686766
10.480000000000000   -0.121751356377151
10.484999999999999   -0.121913458791389
10.490000000000000   -0.122071811186026
10.495000000000003   -0.122226453492462
10.500000000000000   -0.122377425315798
10.505000000000001   -0.122524765933848
10.510000000000000   -0.122668514296319
10.515000000000001   -0.122808709024154
10.520000000000000   -0.122945388409030
10.525000000000000   -0.123078590413000
10.529999999999999   -0.123208352668278
10.535000000000000   -0.123334712477160
10.539999999999999   -0.123457706812080
10.545000000000000   -0.123577372315782
10.550000000000001   -0.123693745301619
10.555000000000000   -0.123806861753962
10.560000000000000   -0.123916757328721
10.565000000000000   -0.124023467353971
10.570000000000000   -0.124127026830675
10.575000000000001   -0.124227470433504
10.580000000000000   -0.124324832511750
10.585000000000001   -0.124419147090323
10.590000000000000   -0.124510447870833
10.595000000000001   -0.124598768232748
10.600000000000000   -0.124684141234635
10.605000000000000   -0.124766599615458
10.609999999999999   -0.124846175795960
10.615000000000000   -0.124922901880097
10.620000000000003   -0.124996809656542
10.625000000000000   -0.125067930600240
10.630000000000001   -0.125136295874022
10.635000000000000   -0.125201936330269
10.640000000000001   -0.125264882512629
10.645000000000000   -0.125325164657771
10.650000000000000   -0.125382812697195
10.654999999999999   -0.125437856259070
10.660000000000000   -0.125490324670122
10.664999999999999   -0.125540246957550
10.670000000000000   -0.125587651850981
10.675000000000001   -0.125632567784450
10.680000000000000   -0.125675022898419
10.685000000000000   -0.125715045041813
10.690000000000000   -0.125752661774089
10.695000000000000   -0.125787900367323
10.700000000000001   -0.125820787808324
10.705000000000000   -0.125851350800763
10.710000000000001   -0.125879615767322
10.715000000000000   -0.125905608851858
10.720000000000001   -0.125929355921586
10.725000000000000   -0.125950882569270
10.730000000000000   -0.125970214115429
10.734999999999999   -0.125987375610552
10.740000000000000   -0.126002391837326
10.745000000000003   -0.126015287312862
10.750000000000000   -0.126026086290943
10.755000000000001   -0.126034812764261
10.760000000000000   -0.126041490466670
10.765000000000001   -0.126046142875438
10.770000000000000   -0.126048793213498
10.775000000000000   -0.126049464451709
10.779999999999999   -0.126048179311105
10.785000000000000   -0.126044960265156
10.789999999999999   -0.126039829542018
10.795000000000000   -0.126032809126783
10.800000000000001   -0.126023920763727
10.805000000000000   -0.126013185958558
10.810000000000000   -0.126000625980646
10.815000000000000   -0.125986261865267
10.820000000000000   -0.125970114415819
10.825000000000001   -0.125952204206052
10.830000000000000   -0.125932551582276
10.835000000000001   -0.125911176665567
10.840000000000000   -0.125888099353966
10.845000000000001   -0.125863339324663
10.850000000000000   -0.125836916036180
10.855000000000000   -0.125808848730537
10.859999999999999   -0.125779156435409
10.865000000000000   -0.125747857966274
10.870000000000003   -0.125714971928553
10.875000000000000   -0.125680516719730
10.880000000000001   -0.125644510531465
10.885000000000000   -0.125606971351697
10.890000000000001   -0.125567916966733
10.895000000000000   -0.125527364963316
10.900000000000000   -0.125485332730698
10.904999999999999   -0.125441837462679
10.910000000000000   -0.125396896159647
10.914999999999999   -0.125350525630599
10.920000000000000   -0.125302742495146
10.925000000000001   -0.125253563185511
10.930000000000000   -0.125203003948499
10.935000000000000   -0.125151080847472
10.940000000000000   -0.125097809764289
10.945000000000000   -0.125043206401246
10.950000000000001   -0.124987286282993
10.955000000000000   -0.124930064758439
10.960000000000001   -0.124871557002642
10.965000000000000   -0.124811778018682
10.970000000000001   -0.124750742639522
10.975000000000000   -0.124688465529845
10.980000000000000   -0.124624961187888
10.984999999999999   -0.124560243947253
10.990000000000000   -0.124494327978699
10.995000000000003   -0.124427227291927
11.000000000000000   -0.124358955737346
11.005000000000001   -0.124289527007816
11.010000000000000   -0.124218954640391
11.015000000000001   -0.124147252018027
11.020000000000000   -0.124074432371293
11.025000000000000   -0.124000508780053
11.029999999999999   -0.123925494175137
11.035000000000000   -0.123849401339996
11.039999999999999   -0.123772242912345
11.045000000000000   -0.123694031385783
11.050000000000001   -0.123614779111402
11.055000000000000   -0.123534498299382
11.060000000000000   -0.123453201020567
11.065000000000000   -0.123370899208025
11.070000000000000   -0.123287604658599
11.075000000000001   -0.123203329034433
11.080000000000000   -0.123118083864493
11.085000000000001   -0.123031880546064
11.090000000000000   -0.122944730346236
11.095000000000001   -0.122856644403376
11.100000000000000   -0.122767633728582
11.105000000000000   -0.122677709207127
11.109999999999999   -0.122586881599879
11.115000000000000   -0.122495161544717
11.120000000000003   -0.122402559557926
11.125000000000000   -0.122309086035576
11.130000000000001   -0.122214751254894
11.135000000000000   -0.122119565375615
11.140000000000001   -0.122023538441319
11.145000000000000   -0.121926680380758
11.150000000000000   -0.121829001009163
11.154999999999999   -0.121730510029546
11.160000000000000   -0.121631217033975
11.164999999999999   -0.121531131504851
11.170000000000000   -0.121430262816154
11.175000000000001   -0.121328620234693
11.180000000000000   -0.121226212921327
11.185000000000000   -0.121123049932183
11.190000000000000   -0.121019140219858
11.195000000000000   -0.120914492634604
11.200000000000001   -0.120809115925504
11.205000000000000   -0.120703018741637
11.210000000000001   -0.120596209633222
11.215000000000000   -0.120488697052760
11.220000000000001   -0.120380489356152
11.225000000000000   -0.120271594803817
11.230000000000000   -0.120162021561784
11.234999999999999   -0.120051777702784
11.240000000000000   -0.119940871207323
11.245000000000003   -0.119829309964741
11.250000000000000   -0.119717101774270
11.255000000000001   -0.119604254346062
11.260000000000000   -0.119490775302228
11.265000000000001   -0.119376672177843
11.270000000000000   -0.119261952421956
11.275000000000000   -0.119146623398578
11.279999999999999   -0.119030692387667
11.285000000000000   -0.118914166586096
11.289999999999999   -0.118797053108611
11.295000000000000   -0.118679358988782
11.300000000000001   -0.118561091179934
11.305000000000000   -0.118442256556082
11.310000000000000   -0.118322861912836
11.315000000000000   -0.118202913968317
11.320000000000000   -0.118082419364044
11.325000000000001   -0.117961384665821
11.330000000000000   -0.117839816364611
11.335000000000001   -0.117717720877401
11.340000000000000   -0.117595104548055
11.345000000000001   -0.117471973648158
11.350000000000000   -0.117348334377852
11.355000000000000   -0.117224192866657
11.359999999999999   -0.117099555174292
11.365000000000000   -0.116974427291476
11.370000000000003   -0.116848815140727
11.375000000000000   -0.116722724577146
11.380000000000001   -0.116596161389198
11.385000000000000   -0.116469131299481
11.390000000000001   -0.116341639965481
11.395000000000000   -0.116213692980331
11.400000000000000   -0.116085295873546
11.404999999999999   -0.115956454111759
11.410000000000000   -0.115827173099447
11.414999999999999   -0.115697458179647
11.420000000000000   -0.115567314634664
11.425000000000001   -0.115436747686770
11.430000000000000   -0.115305762498896
11.435000000000000   -0.115174364175316
11.440000000000000   -0.115042557762321
11.445000000000000   -0.114910348248888
11.450000000000001   -0.114777740567341
11.455000000000000   -0.114644739593999
11.460000000000001   -0.114511350149822
11.465000000000000   -0.114377577001050
11.470000000000001   -0.114243424859829
11.475000000000000   -0.114108898384834
11.480000000000000   -0.113974002181883
11.484999999999999   -0.113838740804545
11.490000000000000   -0.113703118754741
11.495000000000003   -0.113567140483333
11.500000000000000   -0.113430810390716
11.505000000000001   -0.113294132827390
11.510000000000000   -0.113157112094539
11.515000000000001   -0.113019752444593
11.520000000000000   -0.112882058081787
11.525000000000000   -0.112744033162714
11.529999999999999   -0.112605681796871
11.535000000000000   -0.112467008047196
11.539999999999999   -0.112328015930605
11.545000000000000   -0.112188709418517
11.550000000000001   -0.112049092437370
11.555000000000000   -0.111909168869143
11.560000000000000   -0.111768942551860
11.565000000000000   -0.111628417280092
11.570000000000000   -0.111487596805453
11.575000000000001   -0.111346484837095
11.580000000000000   -0.111205085042185
11.585000000000001   -0.111063401046391
11.590000000000000   -0.110921436434353
11.595000000000001   -0.110779194750148
11.600000000000000   -0.110636679497758
11.605000000000000   -0.110493894141519
11.609999999999999   -0.110350842106581
11.615000000000000   -0.110207526779347
11.620000000000003   -0.110063951507918
11.625000000000000   -0.109920119602526
11.630000000000001   -0.109776034335969
11.635000000000000   -0.109631698944029
11.640000000000001   -0.109487116625899
11.645000000000000   -0.109342290544597
11.650000000000000   -0.109197223827374
11.654999999999999   -0.109051919566121
11.660000000000000   -0.108906380817772
11.664999999999999   -0.108760610604698
11.670000000000000   -0.108614611915100
11.675000000000001   -0.108468387703394
11.680000000000000   -0.108321940890596
11.685000000000000   -0.108175274364698
11.690000000000000   -0.108028390981041
11.695000000000000   -0.107881293562688
11.700000000000001   -0.107733984900784
11.705000000000000   -0.107586467754920
11.710000000000001   -0.107438744853488
11.715000000000000   -0.107290818894030
11.720000000000001   -0.107142692543594
11.725000000000000   -0.106994368439069
11.730000000000000   -0.106845849187531
11.734999999999999   -0.106697137366575
11.740000000000000   -0.106548235524651
11.745000000000003   -0.106399146181388
11.750000000000000   -0.106249871827919
11.755000000000001   -0.106100414927207
11.760000000000000   -0.105950777914351
11.765000000000001   -0.105800963196911
11.770000000000000   -0.105650973155208
11.775000000000000   -0.105500810142635
11.779999999999999   -0.105350476485956
11.785000000000000   -0.105199974485607
11.789999999999999   -0.105049306415992
11.795000000000000   -0.104898474525770
11.800000000000001   -0.104747481038150
11.805000000000000   -0.104596328151169
11.810000000000000   -0.104445018037979
11.815000000000000   -0.104293552847123
11.820000000000000   -0.104141934702812
11.825000000000001   -0.103990165705194
11.830000000000000   -0.103838247930626
11.835000000000001   -0.103686183431936
11.840000000000000   -0.103533974238689
11.845000000000001   -0.103381622357447
11.850000000000000   -0.103229129772021
11.855000000000000   -0.103076498443730
11.859999999999999   -0.102923730311648
11.865000000000000   -0.102770827292852
11.870000000000003   -0.102617791282669
11.875000000000000   -0.102464624154918
11.880000000000001   -0.102311327762147
11.885000000000000   -0.102157903935869
11.890000000000001   -0.102004354486800
11.895000000000000   -0.101850681205086
11.900000000000000   -0.101696885860535
11.904999999999999   -0.101542970202838
11.910000000000000   -0.101388935961796
11.914999999999999   -0.101234784847540
11.920000000000000   -0.101080518550750
11.925000000000001   -0.100926138742865
11.930000000000000   -0.100771647076304
11.935000000000000   -0.100617045184673
11.940000000000000   -0.100462334682971
11.945000000000000   -0.100307517167800
11.950000000000001   -0.100152594217565
11.955000000000000   -0.099997567392678
11.960000000000001   -0.099842438235756
11.965000000000000   -0.099687208271816
11.970000000000001   -0.099531879008471
11.975000000000000   -0.099376451936123
11.980000000000000   -0.099220928528148
11.984999999999999   -0.099065310241092
11.990000000000000   -0.098909598514850
11.995000000000003   -0.098753794772850
12.000000000000000   -0.098597900422238
