 2.000000000000000    0.226055493693401
 2.005000000000000    0.225374738321451
 2.010000000000000    0.224697849767474
 2.015000000000000    0.224024805418622
 2.020000000000000    0.223355582900370
 2.025000000000000    0.222690160073825
 2.030000000000000    0.222028515033088
 2.035000000000000    0.221370626102653
 2.040000000000000    0.220716471834843
 2.045000000000000    0.220066031007289
 2.050000000000000    0.219419282620449
 2.055000000000000    0.218776205895164
 2.060000000000000    0.218136780270246
 2.065000000000000    0.217500985400116
 2.070000000000000    0.216868801152464
 2.075000000000000    0.216240207605955
 2.080000000000000    0.215615185047969
 2.085000000000000    0.214993713972371
 2.090000000000000    0.214375775077318
 2.095000000000000    0.213761349263104
 2.100000000000000    0.213150417630029
 2.105000000000000    0.212542961476313
 2.110000000000000    0.211938962296029
 2.115000000000000    0.211338401777078
 2.120000000000000    0.210741261799191
 2.125000000000000    0.210147524431960
 2.130000000000000    0.209557171932906
 2.135000000000000    0.208970186745570
 2.140000000000000    0.208386551497636
 2.145000000000000    0.207806248999082
 2.150000000000000    0.207229262240367
 2.155000000000000    0.206655574390631
 2.160000000000000    0.206085168795938
 2.165000000000000    0.205518028977538
 2.170000000000000    0.204954138630159
 2.175000000000000    0.204393481620323
 2.180000000000000    0.203836041984692
 2.185000000000000    0.203281803928435
 2.190000000000000    0.202730751823626
 2.195000000000000    0.202182870207662
 2.200000000000000    0.201638143781710
 2.205000000000000    0.201096557409175
 2.210000000000000    0.200558096114192
 2.215000000000000    0.200022745080147
 2.220000000000000    0.199490489648215
 2.225000000000000    0.198961315315923
 2.230000000000000    0.198435207735736
 2.235000000000000    0.197912152713671
 2.240000000000000    0.197392136207920
 2.245000000000000    0.196875144327509
 2.250000000000000    0.196361163330967
 2.255000000000000    0.195850179625028
 2.260000000000000    0.195342179763340
 2.265000000000000    0.194837150445208
 2.270000000000000    0.194335078514350
 2.275000000000000    0.193835950957672
 2.280000000000001    0.193339754904068
 2.285000000000000    0.192846477623238
 2.290000000000000    0.192356106524521
 2.295000000000000    0.191868629155755
 2.300000000000000    0.191384033202148
 2.305000000000000    0.190902306485172
 2.310000000000000    0.190423436961477
 2.315000000000000    0.189947412721815
 2.320000000000000    0.189474221989995
 2.325000000000000    0.189003853121841
 2.330000000000000    0.188536294604180
 2.335000000000000    0.188071535053839
 2.340000000000000    0.187609563216665
 2.345000000000000    0.187150367966556
 2.350000000000000    0.186693938304513
 2.355000000000000    0.186240263357707
 2.360000000000000    0.185789332378562
 2.365000000000000    0.185341134743855
 2.370000000000000    0.184895659953831
 2.375000000000000    0.184452897631332
 2.380000000000000    0.184012837520948
 2.385000000000000    0.183575469488174
 2.390000000000000    0.183140783518590
 2.395000000000000    0.182708769717050
 2.400000000000000    0.182279418306892
 2.405000000000001    0.181852719629159
 2.410000000000000    0.181428664141831
 2.415000000000000    0.181007242419079
 2.420000000000000    0.180588445150530
 2.425000000000000    0.180172263140540
 2.430000000000000    0.179758687307492
 2.435000000000000    0.179347708683101
 2.440000000000000    0.178939318411728
 2.445000000000000    0.178533507749723
 2.450000000000000    0.178130268064759
 2.455000000000000    0.177729590835203
 2.460000000000000    0.177331467649479
 2.465000000000000    0.176935890205462
 2.470000000000000    0.176542850309867
 2.475000000000000    0.176152339877667
 2.480000000000000    0.175764350931513
 2.485000000000000    0.175378875601169
 2.490000000000000    0.174995906122961
 2.495000000000000    0.174615434839239
 2.500000000000000    0.174237454197843
 2.505000000000000    0.173861956751596
 2.510000000000000    0.173488935157791
 2.515000000000000    0.173118382177702
 2.520000000000000    0.172750290676108
 2.525000000000000    0.172384653620813
 2.530000000000001    0.172021464082199
 2.535000000000000    0.171660715232772
 2.540000000000000    0.171302400346731
 2.545000000000000    0.170946512799540
 2.550000000000000    0.170593046067516
 2.555000000000000    0.170241993727431
 2.560000000000000    0.169893349456113
 2.565000000000000    0.169547107030070
 2.570000000000000    0.169203260325119
 2.575000000000000    0.168861803316027
 2.580000000000000    0.168522730076162
 2.585000000000000    0.168186034777152
 2.590000000000000    0.167851711688560
 2.594999999999999    0.167519755177567
 2.600000000000000    0.167190159708658
 2.605000000000000    0.166862919843334
 2.610000000000000    0.166538030239815
 2.615000000000000    0.166215485652771
 2.620000000000000    0.165895280933047
 2.625000000000000    0.165577411027411
 2.630000000000000    0.165261870978303
 2.635000000000000    0.164948655923600
 2.640000000000000    0.164637761096385
 2.645000000000000    0.164329181824727
 2.650000000000000    0.164022913531477
 2.655000000000001    0.163718951734064
 2.660000000000000    0.163417292044305
 2.665000000000000    0.163117930168228
 2.670000000000000    0.162820861905896
 2.675000000000000    0.162526083151248
 2.680000000000000    0.162233589891946
 2.685000000000000    0.161943378209229
 2.690000000000000    0.161655444277784
 2.695000000000000    0.161369784365614
 2.700000000000000    0.161086394833927
 2.705000000000000    0.160805272137027
 2.710000000000000    0.160526412822218
 2.715000000000000    0.160249813529711
 2.719999999999999    0.159975470992550
 2.725000000000000    0.159703382036534
 2.730000000000000    0.159433543580162
 2.735000000000000    0.159165952634572
 2.740000000000000    0.158900606303506
 2.745000000000000    0.158637501783264
 2.750000000000000    0.158376636362687
 2.755000000000000    0.158118007423130
 2.760000000000000    0.157861612438462
 2.765000000000000    0.157607448975055
 2.770000000000000    0.157355514691803
 2.775000000000000    0.157105807340130
 2.780000000000001    0.156858324764020
 2.785000000000000    0.156613064900050
 2.790000000000000    0.156370025777433
 2.795000000000000    0.156129205518070
 2.800000000000000    0.155890602336608
 2.805000000000000    0.155654214540511
 2.810000000000000    0.155420040530137
 2.815000000000000    0.155188078798821
 2.820000000000000    0.154958327932974
 2.825000000000000    0.154730786612181
 2.830000000000000    0.154505453609318
 2.835000000000000    0.154282327790666
 2.840000000000000    0.154061408116046
 2.844999999999999    0.153842693638953
 2.850000000000000    0.153626183506699
 2.855000000000000    0.153411876960575
 2.860000000000000    0.153199773336007
 2.865000000000000    0.152989872062733
 2.870000000000000    0.152782172664978
 2.875000000000000    0.152576674761647
 2.880000000000000    0.152373378066523
 2.885000000000000    0.152172282388468
 2.890000000000000    0.151973387631644
 2.895000000000000    0.151776693795732
 2.900000000000000    0.151582200976168
 2.905000000000001    0.151389909364380
 2.910000000000000    0.151199819248041
 2.915000000000000    0.151011931011324
 2.920000000000000    0.150826245135174
 2.925000000000000    0.150642762197578
 2.930000000000000    0.150461482873854
 2.935000000000000    0.150282407936945
 2.940000000000000    0.150105538257717
 2.945000000000000    0.149930874805275
 2.950000000000000    0.149758418647283
 2.955000000000000    0.149588170950290
 2.960000000000000    0.149420132980070
 2.965000000000000    0.149254306101973
 2.969999999999999    0.149090691781275
 2.975000000000000    0.148929291583549
 2.980000000000000    0.148770107175037
 2.985000000000000    0.148613140323034
 2.990000000000000    0.148458392896284
 2.995000000000000    0.148305866865378
 3.000000000000000    0.148155564303171
 3.005000000000000    0.148007487385198
 3.010000000000000    0.147861638390110
 3.015000000000000    0.147718019700112
 3.020000000000000    0.147576633801410
 3.025000000000000    0.147437483284675
 3.030000000000001    0.147300570845511
 3.035000000000000    0.147165899284932
 3.040000000000000    0.147033471509852
 3.045000000000000    0.146903290533583
 3.050000000000000    0.146775359476345
 3.055000000000000    0.146649681565783
 3.060000000000000    0.146526260137495
 3.065000000000000    0.146405098635573
 3.070000000000000    0.146286200613149
 3.075000000000000    0.146169569732958
 3.080000000000000    0.146055209767903
 3.085000000000000    0.145943124601638
 3.090000000000000    0.145833318229159
 3.094999999999999    0.145725794757403
 3.100000000000000    0.145620558405861
 3.105000000000000    0.145517613507201
 3.110000000000000    0.145416964507900
 3.115000000000000    0.145318615968891
 3.120000000000000    0.145222572566217
 3.125000000000000    0.145128839091697
 3.130000000000000    0.145037420453605
 3.135000000000000    0.144948321677361
 3.140000000000000    0.144861547906227
 3.145000000000000    0.144777104402025
 3.150000000000000    0.144694996545857
 3.155000000000001    0.144615229838844
 3.160000000000000    0.144537809902872
 3.165000000000000    0.144462742481349
 3.170000000000000    0.144390033439982
 3.175000000000000    0.144319688767561
 3.180000000000000    0.144251714576750
 3.185000000000000    0.144186117104902
 3.190000000000000    0.144122902714877
 3.195000000000000    0.144062077895879
 3.200000000000000    0.144003649264300
 3.205000000000000    0.143947623564585
 3.210000000000000    0.143894007670102
 3.215000000000000    0.143842808584030
 3.219999999999999    0.143794033440260
 3.225000000000000    0.143747689504307
 3.230000000000000    0.143703784174240
 3.235000000000000    0.143662324981622
 3.240000000000000    0.143623319592468
 3.245000000000000    0.143586775808211
 3.250000000000000    0.143552701566691
 3.255000000000000    0.143521104943148
 3.260000000000000    0.143491994151243
 3.265000000000000    0.143465377544080
 3.270000000000000    0.143441263615254
 3.275000000000000    0.143419660999906
 3.280000000000001    0.143400578475800
 3.285000000000000    0.143384024964414
 3.290000000000000    0.143370009532042
 3.295000000000000    0.143358541390918
 3.300000000000000    0.143349629900353
 3.305000000000000    0.143343284567891
 3.310000000000000    0.143339515050478
 3.315000000000000    0.143338331155651
 3.320000000000000    0.143339742842741
 3.325000000000000    0.143343760224097
 3.330000000000000    0.143350393566326
 3.335000000000000    0.143359653291545
 3.340000000000000    0.143371549978664
 3.344999999999999    0.143386094364672
 3.350000000000000    0.143403297345952
 3.355000000000000    0.143423169979611
 3.360000000000000    0.143445723484829
 3.365000000000000    0.143470969244224
 3.370000000000000    0.143498918805244
 3.375000000000000    0.143529583881571
 3.380000000000000    0.143562976354550
 3.385000000000000    0.143599108274632
 3.390000000000000    0.143637991862846
 3.395000000000000    0.143679639512285
 3.400000000000000    0.143724063789614
 3.405000000000001    0.143771277436603
 3.410000000000000    0.143821293371673
 3.415000000000000    0.143874124691478
 3.420000000000000    0.143929784672493
 3.425000000000000    0.143988286772636
 3.430000000000000    0.144049644632906
 3.435000000000000    0.144113872079052
 3.440000000000000    0.144180983123252
 3.445000000000000    0.144250991965831
 3.450000000000000    0.144323912996991
 3.455000000000000    0.144399760798573
 3.460000000000000    0.144478550145838
 3.465000000000000    0.144560296009277
 3.469999999999999    0.144645013556447
 3.475000000000000    0.144732718153825
 3.480000000000000    0.144823425368700
 3.485000000000000    0.144917150971082
 3.490000000000000    0.145013910935638
 3.495000000000000    0.145113721443664
 3.500000000000000    0.145216598885076
 3.505000000000000    0.145322559860429
 3.510000000000000    0.145431621182969
 3.515000000000000    0.145543799880714
 3.520000000000000    0.145659113198556
 3.525000000000000    0.145777578600403
 3.530000000000001    0.145899213771341
 3.535000000000000    0.146024036619839
 3.540000000000000    0.146152065279969
 3.545000000000000    0.146283318113671
 3.550000000000000    0.146417813713040
 3.555000000000000    0.146555570902655
 3.560000000000000    0.146696608741927
 3.565000000000000    0.146840946527495
 3.570000000000000    0.146988603795641
 3.575000000000000    0.147139600324754
 3.580000000000000    0.147293956137814
 3.585000000000000    0.147451691504921
 3.590000000000000    0.147612826945855
 3.594999999999999    0.147777383232672
 3.600000000000000    0.147945381392339
 3.605000000000000    0.148116842709400
 3.610000000000000    0.148291788728688
 3.615000000000000    0.148470241258069
 3.620000000000000    0.148652222371224
 3.625000000000000    0.148837754410473
 3.630000000000000    0.149026859989638
 3.635000000000000    0.149219561996944
 3.640000000000000    0.149415883597964
 3.645000000000000    0.149615848238599
 3.650000000000000    0.149819479648109
 3.655000000000001    0.150026801842178
 3.660000000000000    0.150237839126027
 3.665000000000000    0.150452616097565
 3.670000000000000    0.150671157650591
 3.675000000000000    0.150893488978039
 3.680000000000000    0.151119635575258
 3.685000000000000    0.151349623243358
 3.690000000000000    0.151583478092580
 3.695000000000000    0.151821226545730
 3.700000000000000    0.152062895341654
 3.705000000000000    0.152308511538758
 3.710000000000000    0.152558102518587
 3.715000000000000    0.152811695989439
 3.719999999999999    0.153069319990045
 3.725000000000000    0.153331002893288
 3.730000000000000    0.153596773409979
 3.735000000000000    0.153866660592684
 3.740000000000000    0.154140693839603
 3.745000000000000    0.154418902898502
 3.750000000000000    0.154701317870704
 3.755000000000000    0.154987969215126
 3.760000000000000    0.155278887752380
 3.765000000000000    0.155574104668925
 3.770000000000000    0.155873651521274
 3.775000000000000    0.156177560240269
 3.780000000000001    0.156485863135397
 3.785000000000000    0.156798592899183
 3.790000000000000    0.157115782611627
 3.795000000000000    0.157437465744712
 3.800000000000000    0.157763676166966
 3.805000000000000    0.158094448148087
 3.810000000000000    0.158429816363635
 3.815000000000000    0.158769815899775
 3.820000000000000    0.159114482258101
 3.825000000000000    0.159463851360502
 3.830000000000000    0.159817959554114
 3.835000000000000    0.160176843616323
 3.840000000000000    0.160540540759838
 3.844999999999999    0.160909088637832
 3.850000000000000    0.161282525349150
 3.855000000000000    0.161660889443580
 3.860000000000000    0.162044219927201
 3.865000000000000    0.162432556267789
 3.870000000000000    0.162825938400302
 3.875000000000000    0.163224406732430
 3.880000000000000    0.163628002150214
 3.885000000000000    0.164036766023742
 3.890000000000000    0.164450740212909
 3.895000000000000    0.164869967073256
 3.900000000000000    0.165294489461875
 3.905000000000001    0.165724350743390
 3.910000000000000    0.166159594796012
 3.915000000000000    0.166600266017666
 3.920000000000000    0.167046409332191
 3.925000000000000    0.167498070195615
 3.930000000000000    0.167955294602506
 3.935000000000000    0.168418129092394
 3.940000000000000    0.168886620756273
 3.945000000000000    0.169360817243170
 3.950000000000000    0.169840766766800
 3.955000000000000    0.170326518112283
 3.960000000000000    0.170818120642949
 3.965000000000000    0.171315624307210
 3.969999999999999    0.171819079645506
 3.975000000000000    0.172328537797334
 3.980000000000000    0.172844050508343
 3.985000000000000    0.173365670137504
 3.990000000000000    0.173893449664364
 3.995000000000000    0.174427442696358
 4.000000000000000    0.174967703476205
 4.005000000000000    0.175514286889373
 4.010000000000000    0.176067248471614
 4.015000000000001    0.176626644416573
 4.020000000000000    0.177192531583462
 4.025000000000000    0.177764967504809
 4.030000000000000    0.178344010394269
 4.035000000000000    0.178929719154506
 4.040000000000000    0.179522153385136
 4.045000000000000    0.180121373390738
 4.050000000000000    0.180727440188922
 4.055000000000000    0.181340415518464
 4.060000000000001    0.181960361847492
 4.065000000000000    0.182587342381730
 4.070000000000000    0.183221421072805
 4.075000000000000    0.183862662626590
 4.080000000000000    0.184511132511607
 4.085000000000000    0.185166896967475
 4.090000000000000    0.185830023013399
 4.095000000000001    0.186500578456695
 4.100000000000000    0.187178631901361
 4.105000000000000    0.187864252756673
 4.109999999999999    0.188557511245811
 4.115000000000000    0.189258478414514
 4.120000000000000    0.189967226139748
 4.125000000000000    0.190683827138397
 4.130000000000000    0.191408354975956
 4.135000000000000    0.192140884075236
 4.140000000000001    0.192881489725064
 4.145000000000000    0.193630248088979
 4.150000000000000    0.194387236213910
 4.155000000000000    0.195152532038837
 4.160000000000000    0.195926214403425
 4.165000000000000    0.196708363056619
 4.170000000000000    0.197499058665201
 4.175000000000001    0.198298382822289
 4.180000000000000    0.199106418055780
 4.185000000000001    0.199923247836717
 4.190000000000000    0.200748956587584
 4.195000000000000    0.201583629690497
 4.200000000000000    0.202427353495304
 4.205000000000000    0.203280215327563
 4.210000000000000    0.204142303496395
 4.215000000000000    0.205013707302197
 4.220000000000001    0.205894517044199
 4.225000000000000    0.206784824027853
 4.230000000000000    0.207684720572039
 4.234999999999999    0.208594300016063
 4.240000000000000    0.209513656726449
 4.245000000000000    0.210442886103482
 4.250000000000000    0.211382084587506
 4.255000000000000    0.212331349664939
 4.260000000000000    0.213290779874000
 4.265000000000001    0.214260474810112
 4.270000000000000    0.215240535130966
 4.275000000000000    0.216231062561220
 4.280000000000000    0.217232159896806
 4.285000000000000    0.218243931008819
 4.290000000000000    0.219266480846963
 4.295000000000000    0.220299915442519
 4.300000000000001    0.221344341910806
 4.305000000000000    0.222399868453103
 4.310000000000001    0.223466604358002
 4.314999999999999    0.224544660002146
 4.320000000000000    0.225634146850329
 4.325000000000000    0.226735177454897
 4.330000000000000    0.227847865454437
 4.335000000000000    0.228972325571689
 4.340000000000000    0.230108673610638
 4.345000000000001    0.231257026452754
 4.350000000000000    0.232417502052308
 4.355000000000000    0.233590219430736
 4.359999999999999    0.234775298669972
 4.365000000000000    0.235972860904714
 4.370000000000000    0.237183028313548
 4.375000000000000    0.238405924108882
 4.380000000000000    0.239641672525607
 4.385000000000000    0.240890398808434
 4.390000000000001    0.242152229197825
 4.395000000000000    0.243427290914444
 4.400000000000000    0.244715712142057
 4.405000000000000    0.246017622008789
 4.410000000000000    0.247333150566660
 4.415000000000000    0.248662428769306
 4.420000000000000    0.250005588447801
 4.425000000000001    0.251362762284464
 4.430000000000000    0.252734083784572
 4.435000000000001    0.254119687245853
 4.439999999999999    0.255519707725660
 4.445000000000000    0.256934281005707
 4.450000000000000    0.258363543554243
 4.455000000000000    0.259807632485538
 4.460000000000000    0.261266685516558
 4.465000000000000    0.262740840920677
 4.470000000000001    0.264230237478296
 4.475000000000000    0.265735014424209
 4.480000000000000    0.267255311391571
 4.484999999999999    0.268791268352294
 4.490000000000000    0.270343025553709
 4.495000000000000    0.271910723451320
 4.500000000000000    0.273494502637458
 4.505000000000000    0.275094503765649
 4.510000000000000    0.276710867470502
 4.515000000000001    0.278343734282898
 4.520000000000000    0.279993244540276
 4.525000000000000    0.281659538291789
 4.530000000000000    0.283342755198088
 4.535000000000000    0.285043034425512
 4.540000000000000    0.286760514534412
 4.545000000000000    0.288495333361361
 4.550000000000001    0.290247627894976
 4.555000000000000    0.292017534145065
 4.560000000000001    0.293805187004824
 4.564999999999999    0.295610720105756
 4.570000000000000    0.297434265665026
 4.575000000000000    0.299275954324909
 4.580000000000000    0.301135914984002
 4.585000000000000    0.303014274619851
 4.590000000000000    0.304911158102634
 4.595000000000001    0.306826687999534
 4.600000000000000    0.308760984369399
 4.605000000000000    0.310714164547323
 4.609999999999999    0.312686342918709
 4.615000000000000    0.314677630682411
 4.620000000000000    0.316688135602516
 4.625000000000000    0.318717961748313
 4.630000000000000    0.320767209222005
 4.635000000000000    0.322835973873664
 4.640000000000001    0.324924347002979
 4.645000000000000    0.327032415047264
 4.650000000000000    0.329160259255243
 4.655000000000000    0.331307955346075
 4.660000000000000    0.333475573153092
 4.665000000000000    0.335663176251700
 4.670000000000000    0.337870821570892
 4.675000000000001    0.340098558987810
 4.680000000000000    0.342346430904768
 4.685000000000001    0.344614471808178
 4.689999999999999    0.346902707808748
 4.695000000000000    0.349211156162413
 4.700000000000000    0.351539824771331
 4.705000000000000    0.353888711664398
 4.710000000000000    0.356257804456628
 4.715000000000000    0.358647079786833
 4.720000000000001    0.361056502732952
 4.725000000000000    0.363486026204474
 4.730000000000000    0.365935590311321
 4.734999999999999    0.368405121708630
 4.740000000000000    0.370894532916859
 4.745000000000000    0.373403721616640
 4.750000000000000    0.375932569917875
 4.755000000000000    0.378480943602523
 4.760000000000000    0.381048691340628
 4.765000000000001    0.383635643879096
 4.770000000000000    0.386241613202837
 4.775000000000000    0.388866391667883
 4.780000000000000    0.391509751106139
 4.785000000000000    0.394171441901540
 4.790000000000000    0.396851192037352
 4.795000000000000    0.399548706114527
 4.800000000000001    0.402263664341004
 4.805000000000000    0.404995721492019
 4.810000000000001    0.407744505841518
 4.814999999999999    0.410509618064888
 4.820000000000000    0.413290630113377
 4.825000000000000    0.416087084060610
 4.830000000000000    0.418898490921854
 4.835000000000000    0.421724329446731
 4.840000000000000    0.424564044886306
 4.845000000000001    0.427417047735628
 4.850000000000000    0.430282712452978
 4.855000000000000    0.433160376157311
 4.859999999999999    0.436049337305548
 4.865000000000000    0.438948854351668
 4.870000000000000    0.441858144389732
 4.875000000000000    0.444776381783285
 4.880000000000000    0.447702696783846
 4.885000000000000    0.450636174141477
 4.890000000000001    0.453575851710772
 4.895000000000000    0.456520719055894
 4.900000000000000    0.459469716058698
 4.905000000000000    0.462421731534269
 4.910000000000000    0.465375601858656
 4.915000000000000    0.468330109613951
 4.920000000000000    0.471283982256258
 4.925000000000001    0.474235890812584
 4.930000000000000    0.477184448613058
 4.935000000000001    0.480128210065411
 4.939999999999999    0.483065669479037
 4.945000000000000    0.485995259946526
 4.950000000000000    0.488915352290937
 4.955000000000000    0.491824254087656
 4.960000000000000    0.494720208770110
 4.965000000000000    0.497601394829118
 4.970000000000001    0.500465925116124
 4.975000000000000    0.503311846261033
 4.980000000000000    0.506137138215819
 4.984999999999999    0.508939713935474
 4.990000000000000    0.511717419208334
 4.995000000000000    0.514468032648096
 5.000000000000000    0.517189265860271
 5.005000000000000    0.519878763795994
 5.010000000000000    0.522534105306450
 5.015000000000001    0.525152803911233
 5.020000000000000    0.527732308794147
 5.025000000000000    0.530270006039905
 5.030000000000000    0.532763220125149
 5.035000000000000    0.535209215677032
 5.040000000000000    0.537605199512328
 5.045000000000000    0.539948322969656
 5.050000000000001    0.542235684546876
 5.055000000000000    0.544464332855080
 5.060000000000001    0.546631269899806
 5.064999999999999    0.548733454699160
 5.070000000000000    0.550767807247460
 5.075000000000000    0.552731212831709
 5.080000000000000    0.554620526706854
 5.085000000000000    0.556432579134107
 5.090000000000000    0.558164180784914
 5.095000000000001    0.559812128511150
 5.100000000000000    0.561373211480044
 5.105000000000000    0.562844217670053
 5.109999999999999    0.564221940721414
 5.115000000000000    0.565503187132575
 5.120000000000000    0.566684783790897
 5.125000000000000    0.567763585823200
 5.130000000000000    0.568736484748707
 5.135000000000000    0.569600416913907
 5.140000000000001    0.570352372185699
 5.145000000000000    0.570989402875998
 5.150000000000000    0.571508632867825
 5.155000000000000    0.571907266909700
 5.160000000000000    0.572182600042082
 5.165000000000000    0.572332027116544
 5.170000000000000    0.572353052365516
 5.175000000000001    0.572243298977704
 5.180000000000000    0.572000518631767
 5.185000000000001    0.571622600938627
 5.189999999999999    0.571107582740785
 5.195000000000000    0.570453657215446
 5.200000000000000    0.569659182726968
 5.205000000000000    0.568722691373356
 5.210000000000000    0.567642897171092
 5.215000000000000    0.566418703822735
 5.220000000000001    0.565049212012237
 5.225000000000000    0.563533726174095
 5.230000000000000    0.561871760684022
 5.234999999999999    0.560063045421069
 5.240000000000000    0.558107530653747
 5.245000000000000    0.556005391206029
 5.250000000000000    0.553757029862787
 5.255000000000000    0.551363079978516
 5.260000000000000    0.548824407257883
 5.265000000000001    0.546142110681752
 5.270000000000000    0.543317522557866
 5.275000000000000    0.540352207681171
 5.280000000000000    0.537247961594861
 5.285000000000000    0.534006807949533
 5.290000000000000    0.530630994964220
 5.295000000000000    0.527122990999614
 5.300000000000001    0.523485479260199
 5.305000000000000    0.519721351648451
 5.310000000000001    0.515833701800434
 5.314999999999999    0.511825817338157
 5.320000000000000    0.507701171379678
 5.325000000000000    0.503463413353325
 5.330000000000000    0.499116359167186
 5.335000000000000    0.494663980789505
 5.340000000000000    0.490110395299412
 5.345000000000001    0.485459853470730
 5.350000000000000    0.480716727954236
 5.355000000000000    0.475885501125865
 5.359999999999999    0.470970752669689
 5.365000000000000    0.465977146965270
 5.370000000000000    0.460909420349147
 5.375000000000000    0.455772368319626
 5.380000000000000    0.450570832752999
 5.385000000000000    0.445309689197539
 5.390000000000001    0.439993834309455
 5.395000000000000    0.434628173492177
 5.400000000000000    0.429217608797168
 5.405000000000000    0.423767027140912
 5.410000000000000    0.418281288888682
 5.415000000000000    0.412765216851559
 5.420000000000000    0.407223585738644
 5.425000000000001    0.401661112101801
 5.430000000000000    0.396082444805499
 5.435000000000001    0.390492156049508
 5.439999999999999    0.384894732967432
 5.445000000000000    0.379294569819197
 5.450000000000000    0.373695960791061
 5.455000000000000    0.368103093412042
 5.460000000000000    0.362520042591389
 5.465000000000000    0.356950765277513
 5.470000000000001    0.351399095734874
 5.475000000000000    0.345868741431692
 5.480000000000000    0.340363279527896
 5.484999999999999    0.334886153949741
 5.490000000000000    0.329440673034638
 5.495000000000000    0.324030007727332
 5.500000000000000    0.318657190306381
 5.505000000000000    0.313325113618018
 5.510000000000000    0.308036530792972
 5.515000000000001    0.302794055420511
 5.520000000000000    0.297600162153034
 5.525000000000000    0.292457187713803
 5.530000000000000    0.287367332279999
 5.535000000000000    0.282332661213013
 5.540000000000000    0.277355107107907
 5.545000000000000    0.272436472134223
 5.550000000000001    0.267578430640620
 5.555000000000000    0.262782531996455
 5.560000000000001    0.258050203644020
 5.564999999999999    0.253382754336066
 5.570000000000000    0.248781377534044
 5.575000000000000    0.244247154943629
 5.580000000000000    0.239781060165050
 5.585000000000000    0.235383962436984
 5.590000000000000    0.231056630453899
 5.595000000000001    0.226799736237963
 5.600000000000000    0.222613859047833
 5.605000000000000    0.218499489307902
 5.609999999999999    0.214457032542798
 5.615000000000000    0.210486813303112
 5.620000000000000    0.206589079069567
 5.625000000000000    0.202764004123962
 5.630000000000000    0.199011693376384
 5.635000000000000    0.195332186139240
 5.640000000000001    0.191725459839730
 5.645000000000000    0.188191433663375
 5.650000000000000    0.184729972122131
 5.655000000000000    0.181340888541604
 5.660000000000000    0.178023948462612
 5.665000000000000    0.174778872953247
 5.670000000000000    0.171605341828261
 5.675000000000001    0.168502996773323
 5.680000000000000    0.165471444372338
 5.685000000000001    0.162510259036589
 5.689999999999999    0.159618985835046
 5.695000000000000    0.156797143225621
 5.700000000000000    0.154044225687677
 5.705000000000000    0.151359706256429
 5.710000000000000    0.148743038960304
 5.715000000000000    0.146193661162630
 5.720000000000001    0.143710995809284
 5.725000000000000    0.141294453584258
 5.730000000000000    0.138943434975232
 5.734999999999999    0.136657332251533
 5.740000000000000    0.134435531356922
 5.745000000000000    0.132277413719871
 5.750000000000000    0.130182357984042
 5.755000000000000    0.128149741661800
 5.760000000000000    0.126178942713652
 5.765000000000001    0.124269341056530
 5.770000000000000    0.122420320003889
 5.775000000000000    0.120631267640576
 5.780000000000000    0.118901578135443
 5.785000000000000    0.117230652994634
 5.790000000000000    0.115617902258439
 5.795000000000000    0.114062745644592
 5.800000000000001    0.112564613640784
 5.805000000000000    0.111122948549122
 5.810000000000001    0.109737205485158
 5.814999999999999    0.108406853334050
 5.820000000000000    0.107131375666264
 5.825000000000000    0.105910271615159
 5.830000000000000    0.104743056718633
 5.835000000000000    0.103629263726897
 5.840000000000000    0.102568443378283
 5.845000000000001    0.101560165144827
 5.850000000000000    0.100604017949225
 5.855000000000000    0.099699610854529
 5.859999999999999    0.098846573727806
 5.865000000000000    0.098044557878726
 5.870000000000000    0.097293236673848
 5.875000000000000    0.096592306127105
 5.880000000000000    0.095941485466745
 5.885000000000000    0.095340517678687
 5.890000000000001    0.094789170025961
 5.895000000000000    0.094287234543554
 5.900000000000000    0.093834528507643
 5.905000000000000    0.093430894877814
 5.910000000000000    0.093076202710445
 5.915000000000000    0.092770347541006
 5.920000000000000    0.092513251732520
 5.925000000000001    0.092304864786950
 5.930000000000000    0.092145163615702
 5.935000000000001    0.092034152764836
 5.939999999999999    0.091971864589953
 5.945000000000000    0.091958359375038
 5.950000000000000    0.091993725388792
 5.955000000000000    0.092078078871230
 5.960000000000000    0.092211563942468
 5.965000000000000    0.092394352424773
 5.970000000000001    0.092626643567984
 5.975000000000000    0.092908663667463
 5.980000000000000    0.093240665562715
 5.984999999999999    0.093622928003719
 5.990000000000000    0.094055754870961
 5.995000000000000    0.094539474234004
 6.000000000000000    0.095074437232282
 6.005000000000000    0.095661016760681
 6.010000000000000    0.096299605941306
 6.015000000000000    0.096990616361746
 6.020000000000000    0.097734476059070
 6.025000000000000    0.098531627227836
 6.030000000000000    0.099382523629525
 6.035000000000000    0.100287627680081
 6.040000000000000    0.101247407191773
 6.045000000000000    0.102262331745261
 6.050000000000000    0.103332868667842
 6.055000000000000    0.104459478594186
 6.060000000000001    0.105642610586761
 6.065000000000000    0.106882696794430
 6.070000000000000    0.108180146629671
 6.075000000000000    0.109535340447459
 6.080000000000000    0.110948622712227
 6.085000000000000    0.112420294643587
 6.090000000000000    0.113950606336646
 6.095000000000000    0.115539748359034
 6.100000000000000    0.117187842834111
 6.105000000000000    0.118894934028388
 6.110000000000000    0.120660978471037
 6.115000000000000    0.122485834644482
 6.120000000000000    0.124369252297453
 6.125000000000000    0.126310861445602
 6.130000000000000    0.128310161139593
 6.135000000000000    0.130366508096541
 6.140000000000000    0.132479105307433
 6.145000000000000    0.134646990750572
 6.150000000000000    0.136869026358771
 6.155000000000000    0.139143887405557
 6.160000000000000    0.141470052492579
 6.165000000000000    0.143845794336155
 6.170000000000000    0.146269171564740
 6.175000000000000    0.148738021750488
 6.180000000000000    0.151249955906059
 6.185000000000001    0.153802354681749
 6.190000000000000    0.156392366497044
 6.195000000000000    0.159016907834071
 6.200000000000000    0.161672665907446
 6.205000000000000    0.164356103905191
 6.210000000000000    0.167063468968210
 6.215000000000000    0.169790803041209
 6.220000000000000    0.172533956685891
 6.225000000000000    0.175288605898191
 6.230000000000000    0.178050271915804
 6.235000000000000    0.180814343941567
 6.240000000000000    0.183576104643440
 6.245000000000000    0.186330758224854
 6.250000000000000    0.189073460791868
 6.255000000000000    0.191799352678149
 6.260000000000000    0.194503592327577
 6.265000000000000    0.197181391279605
 6.270000000000000    0.199828049756736
 6.275000000000000    0.202438992318622
 6.280000000000000    0.205009803025154
 6.285000000000000    0.207536259542907
 6.290000000000000    0.210014365636165
 6.295000000000000    0.212440381505884
 6.300000000000000    0.214810851476894
 6.305000000000000    0.217122628584493
 6.310000000000001    0.219372895674800
 6.315000000000000    0.221559182706707
 6.320000000000000    0.223679380024593
 6.325000000000000    0.225731747457247
 6.330000000000000    0.227714919186901
 6.335000000000000    0.229627904419844
 6.340000000000000    0.231470083973983
 6.345000000000000    0.233241202976382
 6.350000000000001    0.234941359933084
 6.355000000000000    0.236570992492539
 6.360000000000000    0.238130860271627
 6.365000000000000    0.239622025148686
 6.370000000000000    0.241045829451053
 6.375000000000000    0.242403872475569
 6.380000000000000    0.243697985780015
 6.385000000000000    0.244930207672542
 6.390000000000000    0.246102757306226
 6.395000000000000    0.247218008758234
 6.400000000000000    0.248278465439539
 6.405000000000000    0.249286735143109
 6.410000000000000    0.250245505997640
 6.415000000000000    0.251157523551715
 6.420000000000000    0.252025569170950
 6.425000000000000    0.252852439889476
 6.430000000000000    0.253640929817905
 6.435000000000001    0.254393813173415
 6.440000000000000    0.255113828964462
 6.445000000000000    0.255803667333058
 6.450000000000000    0.256465957531911
 6.455000000000000    0.257103257491937
 6.460000000000000    0.257718044917726
 6.465000000000000    0.258312709834270
 6.470000000000000    0.258889548497407
 6.475000000000001    0.259450758572729
 6.480000000000000    0.259998435482779
 6.485000000000000    0.260534569819900
 6.490000000000000    0.261061045721762
 6.495000000000000    0.261579640107998
 6.500000000000000    0.262092022679261
 6.505000000000000    0.262599756584029
 6.510000000000000    0.263104299663365
 6.515000000000000    0.263607006189373
 6.520000000000000    0.264109129019050
 6.525000000000000    0.264611822091385
 6.530000000000000    0.265116143201851
 6.535000000000000    0.265623056994650
 6.540000000000000    0.266133438119161
 6.545000000000000    0.266648074502883
 6.550000000000000    0.267167670698759
 6.555000000000000    0.267692851270012
 6.560000000000001    0.268224164180511
 6.565000000000000    0.268762084163222
 6.570000000000000    0.269307016043449
 6.575000000000000    0.269859297997354
 6.580000000000000    0.270419204729642
 6.585000000000000    0.270986950557387
 6.590000000000000    0.271562692389700
 6.595000000000000    0.272146532595337
 6.600000000000001    0.272738521752519
 6.605000000000000    0.273338661277048
 6.610000000000000    0.273946905926441
 6.615000000000000    0.274563166179185
 6.620000000000000    0.275187310489405
 6.625000000000000    0.275819167418210
 6.630000000000000    0.276458527643863
 6.635000000000000    0.277105145853572
 6.640000000000000    0.277758742520285
 6.645000000000000    0.278419005568317
 6.650000000000000    0.279085591931989
 6.655000000000000    0.279758129011721
 6.660000000000000    0.280436216032236
 6.665000000000000    0.281119425307627
 6.670000000000000    0.281807303418164
 6.675000000000000    0.282499372303702
 6.680000000000000    0.283195130278588
 6.685000000000001    0.283894052972907
 6.690000000000000    0.284595594204847
 6.695000000000000    0.285299186788903
 6.700000000000000    0.286004243284513
 6.705000000000000    0.286710156689636
 6.710000000000000    0.287416301083658
 6.715000000000000    0.288122032223880
 6.720000000000000    0.288826688099722
 6.725000000000001    0.289529589448659
 6.730000000000000    0.290230040237743
 6.735000000000000    0.290927328114479
 6.740000000000000    0.291620724830650
 6.745000000000000    0.292309486642608
 6.750000000000000    0.292992854691387
 6.755000000000000    0.293670055365893
 6.760000000000000    0.294340300652329
 6.765000000000000    0.295002788472855
 6.770000000000000    0.295656703016439
 6.775000000000000    0.296301215064699
 6.780000000000000    0.296935482315468
 6.785000000000000    0.297558649706712
 6.790000000000000    0.298169849743331
 6.795000000000000    0.298768202829307
 6.800000000000000    0.299352817607541
 6.805000000000000    0.299922791309676
 6.810000000000001    0.300477210118092
 6.815000000000000    0.301015149542200
 6.820000000000000    0.301535674811060
 6.825000000000000    0.302037841284292
 6.830000000000000    0.302520694883148
 6.835000000000000    0.302983272543556
 6.840000000000000    0.303424602692847
 6.845000000000000    0.303843705751798
 6.850000000000001    0.304239594663556
 6.855000000000000    0.304611275450890
 6.860000000000000    0.304957747803171
 6.865000000000000    0.305278005694339
 6.870000000000000    0.305571038033072
 6.875000000000000    0.305835829346218
 6.880000000000000    0.306071360496500
 6.885000000000000    0.306276609435350
 6.890000000000000    0.306450551991642
 6.895000000000000    0.306592162696965
 6.900000000000000    0.306700415647949
 6.905000000000000    0.306774285406045
 6.910000000000000    0.306812747934982
 6.915000000000000    0.306814781576044
 6.920000000000000    0.306779368061099
 6.925000000000000    0.306705493563208
 6.930000000000000    0.306592149784449
 6.935000000000001    0.306438335080442
 6.940000000000000    0.306243055620892
 6.945000000000000    0.306005326585281
 6.950000000000000    0.305724173392662
 6.955000000000000    0.305398632964337
 6.960000000000000    0.305027755017983
 6.965000000000000    0.304610603391631
 6.970000000000000    0.304146257395682
 6.975000000000001    0.303633813190957
 6.980000000000000    0.303072385190586
 6.985000000000000    0.302461107483319
 6.990000000000000    0.301799135275674
 6.995000000000000    0.301085646350112
 7.000000000000000    0.300319842536259
 7.005000000000000    0.299500951191975
 7.010000000000000    0.298628226690909
 7.015000000000000    0.297700951912996
 7.020000000000000    0.296718439734150
 7.025000000000000    0.295680034511287
 7.030000000000000    0.294585113558619
 7.035000000000000    0.293433088611037
 7.040000000000000    0.292223407270256
 7.045000000000000    0.290955554429309
 7.050000000000000    0.289629053670807
 7.055000000000000    0.288243468634388
 7.060000000000001    0.286798404348632
 7.065000000000000    0.285293508522707
 7.070000000000000    0.283728472792973
 7.075000000000000    0.282103033919772
 7.080000000000000    0.280416974929628
 7.085000000000000    0.278670126198132
 7.090000000000000    0.276862366468841
 7.095000000000000    0.274993623803612
 7.100000000000001    0.273063876459882
 7.105000000000000    0.271073153690578
 7.110000000000000    0.269021536462430
 7.115000000000000    0.266909158088742
 7.120000000000000    0.264736204772790
 7.125000000000000    0.262502916058300
 7.130000000000000    0.260209585183716
 7.135000000000000    0.257856559337220
 7.140000000000000    0.255444239809806
 7.145000000000000    0.252973082043970
 7.150000000000000    0.250443595576012
 7.155000000000000    0.247856343870200
 7.160000000000000    0.245211944043521
 7.165000000000000    0.242511066480033
 7.170000000000000    0.239754434334336
 7.175000000000000    0.236942822923998
 7.180000000000000    0.234077059011265
 7.185000000000001    0.231158019974749
 7.190000000000000    0.228186632872250
 7.195000000000000    0.225163873396289
 7.200000000000000    0.222090764724338
 7.205000000000000    0.218968376266164
 7.210000000000000    0.215797822311114
 7.215000000000000    0.212580260578551
 7.220000000000000    0.209316890675082
 7.225000000000001    0.206008952462520
 7.230000000000000    0.202657724340959
 7.235000000000000    0.199264521451589
 7.240000000000000    0.195830693804276
 7.245000000000000    0.192357624335144
 7.250000000000000    0.188846726899705
 7.255000000000000    0.185299444207304
 7.260000000000000    0.181717245702836
 7.265000000000000    0.178101625401897
 7.270000000000000    0.174454099685654
 7.275000000000000    0.170776205061828
 7.280000000000000    0.167069495898295
 7.285000000000000    0.163335542135809
 7.290000000000000    0.159575926986421
 7.295000000000000    0.155792244624115
 7.300000000000000    0.151986097874148
 7.305000000000000    0.148159095907507
 7.310000000000001    0.144312851946764
 7.315000000000000    0.140448980989531
 7.320000000000000    0.136569097555460
 7.325000000000000    0.132674813462667
 7.330000000000000    0.128767735639102
 7.335000000000000    0.124849463974285
 7.340000000000000    0.120921589216484
 7.345000000000000    0.116985690920157
 7.350000000000001    0.113043335448232
 7.355000000000000    0.109096074033397
 7.360000000000000    0.105145440902373
 7.365000000000000    0.101192951466721
 7.370000000000000    0.097240100583434
 7.375000000000000    0.093288360888252
 7.380000000000000    0.089339181204219
 7.385000000000000    0.085393985027741
 7.390000000000000    0.081454169094005
 7.395000000000000    0.077521102023285
 7.400000000000000    0.073596123049342
 7.405000000000000    0.069680540830763
 7.410000000000000    0.065775632345801
 7.415000000000000    0.061882641870913
 7.420000000000000    0.058002780042954
 7.425000000000000    0.054137223004595
 7.430000000000000    0.050287111632385
 7.435000000000001    0.046453550846484
 7.440000000000000    0.042637609000931
 7.445000000000000    0.038840317353024
 7.450000000000000    0.035062669610208
 7.455000000000000    0.031305621552634
 7.460000000000000    0.027570090729381
 7.465000000000000    0.023856956226151
 7.470000000000000    0.020167058502124
 7.475000000000001    0.016501199293463
 7.480000000000000    0.012860141580920
 7.485000000000000    0.009244609618806
 7.490000000000000    0.005655289022583
 7.495000000000000    0.002092826912178
 7.500000000000000   -0.001442167891864
 7.505000000000000   -0.004949124622356
 7.510000000000000   -0.008427510272571
 7.515000000000000   -0.011876829259449
 7.520000000000000   -0.015296623045953
 7.525000000000000   -0.018686469725542
 7.530000000000000   -0.022045983571749
 7.535000000000000   -0.025374814555840
 7.540000000000000   -0.028672647835432
 7.545000000000000   -0.031939203216973
 7.550000000000000   -0.035174234594866
 7.555000000000000   -0.038377529370003
 7.560000000000001   -0.041548907850393
 7.565000000000000   -0.044688222636473
 7.570000000000000   -0.047795357993647
 7.575000000000000   -0.050870229214482
 7.580000000000000   -0.053912781972926
 7.585000000000000   -0.056922991672782
 7.590000000000000   -0.059900862792658
 7.595000000000000   -0.062846428229398
 7.600000000000001   -0.065759748642017
 7.605000000000000   -0.068640911797978
 7.610000000000000   -0.071490031923614
 7.615000000000000   -0.074307249060315
 7.620000000000000   -0.077092728428095
 7.625000000000000   -0.079846659797967
 7.630000000000000   -0.082569256874502
 7.635000000000000   -0.085260756689803
 7.640000000000000   -0.087921419010100
 7.645000000000000   -0.090551525755948
 7.650000000000000   -0.093151380437029
 7.655000000000000   -0.095721307602376
 7.660000000000000   -0.098261652306768
 7.665000000000000   -0.100772779593943
 7.670000000000000   -0.103255073997154
 7.675000000000000   -0.105708939057508
 7.680000000000000   -0.108134796860411
 7.685000000000001   -0.110533087590352
 7.690000000000000   -0.112904269104116
 7.695000000000000   -0.115248816522469
 7.700000000000000   -0.117567221840153
 7.705000000000000   -0.119859993554008
 7.710000000000000   -0.122127656308861
 7.715000000000000   -0.124370750560701
 7.720000000000000   -0.126589832256539
 7.725000000000001   -0.128785472530221
 7.730000000000000   -0.130958257413301
 7.735000000000000   -0.133108787559936
 7.740000000000000   -0.135237677984598
 7.745000000000000   -0.137345557811235
 7.750000000000000   -0.139433070032310
 7.755000000000000   -0.141500871275975
 7.760000000000000   -0.143549631579398
 7.765000000000000   -0.145580034166045
 7.770000000000000   -0.147592775224480
 7.775000000000000   -0.149588563685972
 7.780000000000000   -0.151568120997920
 7.785000000000000   -0.153532180889791
 7.790000000000000   -0.155481489127957
 7.795000000000000   -0.157416803255443
 7.800000000000000   -0.159338892312213
 7.805000000000000   -0.161248536531257
 7.810000000000001   -0.163146527005222
 7.815000000000000   -0.165033665317954
 7.820000000000000   -0.166910763134741
 7.825000000000000   -0.168778641744550
 7.830000000000000   -0.170638131546993
 7.835000000000000   -0.172490071476112
 7.840000000000000   -0.174335308352493
 7.845000000000000   -0.176174696154519
 7.850000000000001   -0.178009095198882
 7.855000000000000   -0.179839371219763
 7.860000000000000   -0.181666394335337
 7.865000000000000   -0.183491037889480
 7.870000000000000   -0.185314177155808
 7.875000000000000   -0.187136687890383
 7.880000000000000   -0.188959444718630
 7.885000000000000   -0.190783319341301
 7.890000000000000   -0.192609178543562
 7.895000000000000   -0.194437881990632
 7.900000000000000   -0.196270279792842
 7.905000000000000   -0.198107209822431
 7.910000000000000   -0.199949494764123
 7.915000000000000   -0.201797938881266
 7.920000000000000   -0.203653324479376
 7.925000000000000   -0.205516408049171
 7.930000000000000   -0.207387916071737
 7.935000000000001   -0.209268540469388
 7.940000000000000   -0.211158933687092
 7.945000000000000   -0.213059703391154
 7.950000000000000   -0.214971406774146
 7.955000000000000   -0.216894544458106
 7.960000000000000   -0.218829553991613
 7.965000000000000   -0.220776802940833
 7.970000000000000   -0.222736581579888
 7.975000000000001   -0.224709095192120
 7.980000000000000   -0.226694456001006
 7.985000000000000   -0.228692674757758
 7.990000000000000   -0.230703652021957
 7.995000000000000   -0.232727169182053
 8.000000000000000   -0.234762879274113
 8.004999999999999   -0.236810297669863
 8.010000000000000   -0.238868792718720
 8.015000000000001   -0.240937576443015
 8.020000000000000   -0.243015695400871
 8.025000000000000   -0.245102021846868
 8.030000000000001   -0.247195245336460
 8.035000000000000   -0.249293864935755
 8.039999999999999   -0.251396182213154
 8.045000000000000   -0.253500295203062
 8.050000000000001   -0.255604093543731
 8.055000000000000   -0.257705255000621
 8.060000000000001   -0.259801243592777
 8.065000000000001   -0.261889309541738
 8.070000000000000   -0.263966491259782
 8.074999999999999   -0.266029619586012
 8.080000000000000   -0.268075324464175
 8.085000000000001   -0.270100044234723
 8.090000000000000   -0.272100037684869
 8.094999999999999   -0.274071398964040
 8.100000000000001   -0.276010075428318
 8.105000000000000   -0.277911888426284
 8.109999999999999   -0.279772556980890
 8.115000000000000   -0.281587724258583
 8.120000000000001   -0.283352986649143
 8.125000000000000   -0.285063925209441
 8.129999999999999   -0.286716139153507
 8.135000000000000   -0.288305281002338
 8.140000000000001   -0.289827092942248
 8.145000000000000   -0.291277443882987
 8.150000000000000   -0.292652366658800
 8.155000000000001   -0.293948094779614
 8.160000000000000   -0.295161098117747
 8.164999999999999   -0.296288116909612
 8.170000000000000   -0.297326193462962
 8.175000000000001   -0.298272700988884
 8.180000000000000   -0.299125369023607
 8.185000000000001   -0.299882304967411
 8.190000000000001   -0.300542011344665
 8.195000000000000   -0.301103398478009
 8.199999999999999   -0.301565792367890
 8.205000000000000   -0.301928937672737
 8.210000000000001   -0.302192995791443
 8.215000000000000   -0.302358538154724
 8.219999999999999   -0.302426534931844
 8.225000000000001   -0.302398339450895
 8.230000000000000   -0.302275668711335
 8.234999999999999   -0.302060580434722
 8.240000000000000   -0.301755447151803
 8.245000000000001   -0.301362927860479
 8.250000000000000   -0.300885937809411
 8.254999999999999   -0.300327616966636
 8.260000000000000   -0.299691297722453
 8.265000000000001   -0.298980472352632
 8.270000000000000   -0.298198760733432
 8.275000000000000   -0.297349878756185
 8.280000000000001   -0.296437607838486
 8.285000000000000   -0.295465765873637
 8.289999999999999   -0.294438179901968
 8.295000000000000   -0.293358660729149
 8.300000000000001   -0.292230979659197
 8.305000000000000   -0.291058847455187
 8.310000000000001   -0.289845895589849
 8.315000000000001   -0.288595659802137
 8.320000000000000   -0.287311565935117
 8.324999999999999   -0.285996917995542
 8.330000000000000   -0.284654888346240
 8.335000000000001   -0.283288509919000
 8.340000000000000   -0.281900670317575
 8.344999999999999   -0.280494107667558
 8.350000000000001   -0.279071408061518
 8.355000000000000   -0.277635004443615
 8.359999999999999   -0.276187176777214
 8.365000000000000   -0.274730053341362
 8.370000000000001   -0.273265613006755
 8.375000000000000   -0.271795688348500
 8.379999999999999   -0.270321969461197
 8.385000000000000   -0.268846008351055
 8.390000000000001   -0.267369223789660
 8.395000000000000   -0.265892906524253
 8.400000000000000   -0.264418224749736
 8.405000000000001   -0.262946229757804
 8.410000000000000   -0.261477861688493
 8.414999999999999   -0.260013955318926
 8.420000000000000   -0.258555245832879
 8.425000000000001   -0.257102374523174
 8.430000000000000   -0.255655894386478
 8.435000000000001   -0.254216275577113
 8.440000000000001   -0.252783910692788
 8.445000000000000   -0.251359119870796
 8.449999999999999   -0.249942155678235
 8.455000000000000   -0.248533207784258
 8.460000000000001   -0.247132407406150
 8.465000000000000   -0.245739831524397
 8.469999999999999   -0.244355506864714
 8.475000000000001   -0.242979413647438
 8.480000000000000   -0.241611489106649
 8.484999999999999   -0.240251630783066
 8.490000000000000   -0.238899699596079
 8.495000000000001   -0.237555522701344
 8.500000000000000   -0.236218896141163
 8.504999999999999   -0.234889587295489
 8.510000000000000   -0.233567337141809
 8.515000000000001   -0.232251862332407
 8.520000000000000   -0.230942857097669
 8.525000000000000   -0.229639994984070
 8.530000000000001   -0.228342930435476
 8.535000000000000   -0.227051300226168
 8.539999999999999   -0.225764724753871
 8.545000000000000   -0.224482809200750
 8.550000000000001   -0.223205144570103
 8.555000000000000   -0.221931308606116
 8.560000000000001   -0.220660866603739
 8.565000000000001   -0.219393372115398
 8.570000000000000   -0.218128367560885
 8.574999999999999   -0.216865384746410
 8.580000000000000   -0.215603945298489
 8.585000000000001   -0.214343561017944
 8.590000000000000   -0.213083734158974
 8.594999999999999   -0.211823957637933
 8.600000000000001   -0.210563715176136
 8.605000000000000   -0.209302481380703
 8.609999999999999   -0.208039721767151
 8.615000000000000   -0.206774892727220
 8.620000000000003   -0.205507441445102
 8.625000000000000   -0.204236805765044
 8.629999999999997   -0.202962414013054
 8.635000000000000   -0.201683684775238
 8.640000000000001   -0.200400026635109
 8.645000000000000   -0.199110837872012
 8.650000000000000   -0.197815506122697
 8.655000000000001   -0.196513408007876
 8.660000000000000   -0.195203908725537
 8.664999999999999   -0.193886361612626
 8.670000000000000   -0.192560107676661
 8.675000000000001   -0.191224475098767
 8.680000000000000   -0.189878778709524
 8.685000000000001   -0.188522319439072
 8.690000000000001   -0.187154383742817
 8.695000000000000   -0.185774243004154
 8.699999999999999   -0.184381152915600
 8.705000000000000   -0.182974352839835
 8.710000000000001   -0.181553065152181
 8.715000000000000   -0.180116494566155
 8.719999999999999   -0.178663827443899
 8.725000000000001   -0.177194231093378
 8.730000000000000   -0.175706853054513
 8.734999999999999   -0.174200820376529
 8.740000000000000   -0.172675238889181
 8.745000000000003   -0.171129192470706
 8.750000000000000   -0.169561742315769
 8.754999999999997   -0.167971926207008
 8.760000000000000   -0.166358757794273
 8.765000000000001   -0.164721225886096
 8.770000000000000   -0.163058293758514
 8.775000000000000   -0.161368898486988
 8.780000000000001   -0.159651950307840
 8.785000000000000   -0.157906332016413
 8.789999999999999   -0.156130898409986
 8.795000000000000   -0.154324475784453
 8.800000000000001   -0.152485861494790
 8.805000000000000   -0.150613823590488
 8.810000000000001   -0.148707100538388
 8.815000000000001   -0.146764401046738
 8.820000000000000   -0.144784404005789
 8.824999999999999   -0.142765758561905
 8.830000000000000   -0.140707084343963
 8.835000000000001   -0.138606971862724
 8.840000000000000   -0.136463983106021
 8.844999999999999   -0.134276652354817
 8.850000000000001   -0.132043487247686
 8.855000000000000   -0.129762970123858
 8.859999999999999   -0.127433559677733
 8.865000000000000   -0.125053692960827
 8.870000000000003   -0.122621787770115
 8.875000000000000   -0.120136245465151
 8.879999999999997   -0.117595454259677
 8.885000000000000   -0.114997793037066
 8.890000000000001   -0.112341635742513
 8.895000000000000   -0.109625356408608
 8.900000000000000   -0.106847334874623
 8.905000000000001   -0.104005963263423
 8.910000000000000   -0.101099653283423
 8.914999999999999   -0.098126844426152
 8.920000000000000   -0.095086013132977
 8.925000000000001   -0.091975683006730
 8.930000000000000   -0.088794436145788
 8.935000000000001   -0.085540925678886
 8.940000000000001   -0.082213889578698
 8.945000000000000   -0.078812165830592
 8.949999999999999   -0.075334709029650
 8.955000000000000   -0.071780608473866
 8.960000000000001   -0.068149107813781
 8.965000000000000   -0.064439626308567
 8.969999999999999   -0.060651781725055
 8.975000000000001   -0.056785414899134
 8.980000000000000   -0.052840615957825
 8.984999999999999   -0.048817752174437
 8.990000000000000   -0.044717497398730
 8.995000000000003   -0.040540862967509
 9.000000000000000   -0.036289229959257
 9.004999999999997   -0.031964382608089
 9.010000000000000   -0.027568542638019
 9.015000000000001   -0.023104404217778
 9.020000000000000   -0.018575169169710
 9.025000000000000   -0.013984581994173
 9.030000000000001   -0.009336964193986
 9.035000000000000   -0.004637247303232
 9.039999999999999    0.000108996057123
 9.045000000000000    0.004895523855808
 9.050000000000001    0.009715399897184
 9.055000000000000    0.014560973545376
 9.060000000000001    0.019423864896767
 9.065000000000001    0.024294956417661
 9.070000000000000    0.029164392091207
 9.074999999999999    0.034021585120623
 9.080000000000000    0.038855235209074
 9.085000000000001    0.043653356375782
 9.090000000000000    0.048403316168191
 9.094999999999999    0.053091886988039
 9.100000000000001    0.057705310062561
 9.105000000000000    0.062229372359966
 9.109999999999999    0.066649496472472
 9.115000000000000    0.070950843173665
 9.120000000000003    0.075118426006883
 9.125000000000000    0.079137236886096
 9.129999999999997    0.082992381302685
 9.135000000000000    0.086669221344472
 9.140000000000001    0.090153524363973
 9.145000000000000    0.093431614798308
 9.150000000000000    0.096490526361588
 9.155000000000001    0.099318151619227
 9.160000000000000    0.101903385827703
 9.164999999999999    0.104236261895431
 9.170000000000000    0.106308073398710
 9.175000000000001    0.108111482774768
 9.180000000000000    0.109640612109265
 9.185000000000001    0.110891114330531
 9.190000000000001    0.111860223103534
 9.195000000000000    0.112546780264746
 9.199999999999999    0.112951240232164
 9.205000000000000    0.113075651437769
 9.210000000000001    0.112923615436505
 9.215000000000000    0.112500224920908
 9.219999999999999    0.111811982390393
 9.225000000000001    0.110866701668931
 9.230000000000000    0.109673394819136
 9.234999999999999    0.108242147254489
 9.240000000000000    0.106583984000097
 9.245000000000003    0.104710730096933
 9.250000000000000    0.102634868090888
 9.254999999999997    0.100369395406288
 9.260000000000000    0.097927684187118
 9.265000000000001    0.095323345913588
 9.270000000000000    0.092570102783250
 9.275000000000000    0.089681667501321
 9.280000000000001    0.086671632769657
 9.285000000000000    0.083553371412113
 9.289999999999999    0.080339947737749
 9.295000000000000    0.077044040432207
 9.300000000000001    0.073677876988502
 9.305000000000000    0.070253179446420
 9.310000000000001    0.066781121006955
 9.315000000000001    0.063272292925341
 9.320000000000000    0.059736680962118
 9.324999999999999    0.056183650583885
 9.330000000000000    0.052621940050667
 9.335000000000001    0.049059660501121
 9.340000000000000    0.045504302146013
 9.344999999999999    0.041962745700132
 9.350000000000001    0.038441278218862
 9.355000000000000    0.034945612554155
 9.359999999999999    0.031480909701898
 9.365000000000000    0.028051803375875
 9.370000000000003    0.024662426209452
 9.375000000000000    0.021316437053094
 9.379999999999997    0.018017048901594
 9.385000000000000    0.014767057048426
 9.390000000000001    0.011568867124558
 9.395000000000000    0.008424522734876
 9.400000000000000    0.005335732456606
 9.405000000000001    0.002303896010350
 9.410000000000000   -0.000669870544192
 9.414999999999999   -0.003584710699300
 9.420000000000000   -0.006440004556592
 9.425000000000001   -0.009235347102779
 9.430000000000000   -0.011970527732432
 9.435000000000001   -0.014645511026734
 9.440000000000001   -0.017260418780872
 9.445000000000000   -0.019815513259432
 9.449999999999999   -0.022311181648572
 9.455000000000000   -0.024747921665374
 9.460000000000001   -0.027126328278653
 9.465000000000000   -0.029447081490820
 9.469999999999999   -0.031710935127464
 9.475000000000001   -0.033918706579449
 9.480000000000000   -0.036071267441510
 9.484999999999999   -0.038169534991476
 9.490000000000000   -0.040214464454849
 9.495000000000003   -0.042207042000862
 9.500000000000000   -0.044148278417726
 9.504999999999997   -0.046039203416856
 9.510000000000000   -0.047880860517980
 9.515000000000001   -0.049674302469544
 9.520000000000000   -0.051420587161162
 9.525000000000000   -0.053120773987435
 9.530000000000001   -0.054775920624966
 9.535000000000000   -0.056387080186824
 9.539999999999999   -0.057955298721205
 9.545000000000000   -0.059481613023282
 9.550000000000001   -0.060967048731584
 9.555000000000000   -0.062412618682326
 9.560000000000001   -0.063819321497184
 9.565000000000001   -0.065188140381939
 9.570000000000000   -0.066520042115227
 9.574999999999999   -0.067815976208360
 9.580000000000000   -0.069076874218735
 9.585000000000001   -0.070303649200900
 9.590000000000000   -0.071497195280669
 9.594999999999999   -0.072658387338999
 9.600000000000001   -0.073788080793533
 9.605000000000000   -0.074887111466762
 9.609999999999999   -0.075956295530849
 9.615000000000000   -0.076996429520012
 9.620000000000003   -0.078008290402264
 9.625000000000000   -0.078992635703083
 9.629999999999997   -0.079950203674296
 9.635000000000000   -0.080881713502122
 9.640000000000001   -0.081787865548925
 9.645000000000000   -0.082669341623766
 9.650000000000000   -0.083526805277355
 9.655000000000001   -0.084360902117454
 9.660000000000000   -0.085172260141176
 9.664999999999999   -0.085961490081055
 9.670000000000000   -0.086729185762031
 9.675000000000001   -0.087475924466866
 9.680000000000000   -0.088202267307752
 9.685000000000001   -0.088908759602142
 9.690000000000001   -0.089595931251051
 9.695000000000000   -0.090264297118299
 9.699999999999999   -0.090914357409346
 9.705000000000000   -0.091546598048522
 9.710000000000001   -0.092161491053645
 9.715000000000000   -0.092759494907120
 9.719999999999999   -0.093341054922753
 9.725000000000001   -0.093906603607624
 9.730000000000000   -0.094456561018447
 9.734999999999999   -0.094991335111963
 9.740000000000000   -0.095511322088958
 9.745000000000003   -0.096016906731590
 9.750000000000000   -0.096508462733757
 9.754999999999997   -0.096986353024325
 9.760000000000000   -0.097450930083030
 9.765000000000001   -0.097902536248965
 9.770000000000000   -0.098341504021583
 9.775000000000000   -0.098768156354157
 9.780000000000001   -0.099182806939716
 9.785000000000000   -0.099585760489460
 9.789999999999999   -0.099977313003695
 9.795000000000000   -0.100357752035366
 9.800000000000001   -0.100727356946241
 9.805000000000000   -0.101086399155871
 9.810000000000001   -0.101435142383399
 9.815000000000001   -0.101773842882367
 9.820000000000000   -0.102102749668620
 9.824999999999999   -0.102422104741460
 9.830000000000000   -0.102732143298172
 9.835000000000001   -0.103033093942083
 9.840000000000000   -0.103325178884285
 9.844999999999999   -0.103608614139186
 9.850000000000001   -0.103883609714030
 9.855000000000000   -0.104150369792543
 9.859999999999999   -0.104409092912864
 9.865000000000000   -0.104659972139897
 9.870000000000003   -0.104903195232260
 9.875000000000000   -0.105138944803963
 9.879999999999997   -0.105367398480971
 9.885000000000000   -0.105588729052804
 9.890000000000001   -0.105803104619311
 9.895000000000000   -0.106010688732769
 9.900000000000000   -0.106211640535449
 9.905000000000001   -0.106406114892776
 9.910000000000000   -0.106594262522225
 9.914999999999999   -0.106776230118096
 9.920000000000000   -0.106952160472277
 9.925000000000001   -0.107122192591133
 9.930000000000000   -0.107286461808646
 9.935000000000001   -0.107445099895917
 9.940000000000001   -0.107598235167159
 9.945000000000000   -0.107745992582278
 9.949999999999999   -0.107888493846172
 9.955000000000000   -0.108025857504836
 9.960000000000001   -0.108158199038395
 9.965000000000000   -0.108285630951147
 9.969999999999999   -0.108408262858737
 9.975000000000001   -0.108526201572533
 9.980000000000000   -0.108639551181317
 9.984999999999999   -0.108748413130364
 9.990000000000000   -0.108852886298008
 9.995000000000003   -0.108953067069769
10.000000000000000   -0.109049049410133
10.005000000000001   -0.109140924932047
10.010000000000000   -0.109228782964226
10.015000000000001   -0.109312710616324
10.020000000000000   -0.109392792842061
10.025000000000000   -0.109469112500351
10.029999999999999   -0.109541750414526
10.035000000000000   -0.109610785429687
10.039999999999999   -0.109676294468280
10.045000000000000   -0.109738352583919
10.050000000000001   -0.109797033013553
10.055000000000000   -0.109852407227994
10.060000000000000   -0.109904544980895
10.065000000000000   -0.109953514356205
10.070000000000000   -0.109999381814164
10.074999999999999   -0.110042212235881
10.080000000000000   -0.110082068966548
10.085000000000001   -0.110119013857329
10.090000000000000   -0.110153107305967
10.095000000000001   -0.110184408296168
10.100000000000000   -0.110212974435769
10.105000000000000   -0.110238861993769
10.109999999999999   -0.110262125936230
10.115000000000000   -0.110282819961103
10.120000000000003   -0.110300996532007
10.125000000000000   -0.110316706910990
10.130000000000001   -0.110330001190325
10.135000000000000   -0.110340928323345
10.140000000000001   -0.110349536154374
10.145000000000000   -0.110355871447761
10.150000000000000   -0.110359979916069
10.154999999999999   -0.110361906247423
10.160000000000000   -0.110361694132063
10.164999999999999   -0.110359386288118
10.170000000000000   -0.110355024486626
10.175000000000001   -0.110348649575827
10.180000000000000   -0.110340301504757
10.185000000000000   -0.110330019346151
10.190000000000000   -0.110317841318690
10.195000000000000   -0.110303804808613
10.199999999999999   -0.110287946390701
10.205000000000000   -0.110270301848671
10.210000000000001   -0.110250906194982
10.215000000000000   -0.110229793690080
10.220000000000001   -0.110206997861103
10.225000000000000   -0.110182551520057
10.230000000000000   -0.110156486781472
10.234999999999999   -0.110128835079577
10.240000000000000   -0.110099627184987
10.245000000000003   -0.110068893220922
10.250000000000000   -0.110036662678984
10.255000000000001   -0.110002964434490
10.260000000000000   -0.109967826761389
10.265000000000001   -0.109931277346759
10.270000000000000   -0.109893343304912
10.275000000000000   -0.109854051191119
10.279999999999999   -0.109813427014947
10.285000000000000   -0.109771496253246
10.289999999999999   -0.109728283862778
10.295000000000000   -0.109683814292508
10.300000000000001   -0.109638111495560
10.305000000000000   -0.109591198940860
10.310000000000000   -0.109543099624457
10.315000000000000   -0.109493836080550
10.320000000000000   -0.109443430392222
10.324999999999999   -0.109391904201883
10.330000000000000   -0.109339278721446
10.335000000000001   -0.109285574742227
10.340000000000000   -0.109230812644589
10.345000000000001   -0.109175012407335
10.350000000000000   -0.109118193616855
10.355000000000000   -0.109060375476031
10.359999999999999   -0.109001576812920
10.365000000000000   -0.108941816089202
10.370000000000003   -0.108881111408418
10.375000000000000   -0.108819480523999
10.380000000000001   -0.108756940847075
10.385000000000000   -0.108693509454105
10.390000000000001   -0.108629203094294
10.395000000000000   -0.108564038196838
10.400000000000000   -0.108498030877973
10.404999999999999   -0.108431196947852
10.410000000000000   -0.108363551917254
10.414999999999999   -0.108295111004112
10.420000000000000   -0.108225889139896
10.425000000000001   -0.108155900975816
10.430000000000000   -0.108085160888893
10.435000000000000   -0.108013682987862
10.440000000000000   -0.107941481118937
10.445000000000000   -0.107868568871440
10.449999999999999   -0.107794959583279
10.455000000000000   -0.107720666346301
10.460000000000001   -0.107645702011517
10.465000000000000   -0.107570079194189
10.470000000000001   -0.107493810278808
10.475000000000000   -0.107416907423937
10.480000000000000   -0.107339382566953
10.484999999999999   -0.107261247428662
10.490000000000000   -0.107182513517810
10.495000000000003   -0.107103192135488
10.500000000000000   -0.107023294379428
10.505000000000001   -0.106942831148197
10.510000000000000   -0.106861813145298
10.515000000000001   -0.106780250883170
10.520000000000000   -0.106698154687089
10.525000000000000   -0.106615534698992
10.529999999999999   -0.106532400881194
10.535000000000000   -0.106448763020034
10.539999999999999   -0.106364630729426
10.545000000000000   -0.106280013454334
10.550000000000001   -0.106194920474162
10.555000000000000   -0.106109360906073
10.560000000000000   -0.106023343708221
10.565000000000000   -0.105936877682921
10.570000000000000   -0.105849971479739
10.575000000000001   -0.105762633598515
10.580000000000000   -0.105674872392317
10.585000000000001   -0.105586696070324
10.590000000000000   -0.105498112700655
10.595000000000001   -0.105409130213122
10.600000000000000   -0.105319756401927
10.605000000000000   -0.105229998928302
10.609999999999999   -0.105139865323083
10.615000000000000   -0.105049362989234
10.620000000000003   -0.104958499204308
10.625000000000000   -0.104867281122860
10.630000000000001   -0.104775715778807
10.635000000000000   -0.104683810087726
10.640000000000001   -0.104591570849117
10.645000000000000   -0.104499004748603
10.650000000000000   -0.104406118360093
10.654999999999999   -0.104312918147890
10.660000000000000   -0.104219410468756
10.664999999999999   -0.104125601573938
10.670000000000000   -0.104031497611137
10.675000000000001   -0.103937104626450
10.680000000000000   -0.103842428566263
10.685000000000000   -0.103747475279100
10.690000000000000   -0.103652250517441
10.695000000000000   -0.103556759939496
10.700000000000001   -0.103461009110942
10.705000000000000   -0.103365003506626
10.710000000000001   -0.103268748512227
10.715000000000000   -0.103172249425892
10.720000000000001   -0.103075511459828
10.725000000000000   -0.102978539741864
10.730000000000000   -0.102881339316987
10.734999999999999   -0.102783915148835
10.740000000000000   -0.102686272121169
10.745000000000003   -0.102588415039307
10.750000000000000   -0.102490348631535
10.755000000000001   -0.102392077550485
10.760000000000000   -0.102293606374484
10.765000000000001   -0.102194939608879
10.770000000000000   -0.102096081687335
10.775000000000000   -0.101997036973101
10.779999999999999   -0.101897809760257
10.785000000000000   -0.101798404274931
10.789999999999999   -0.101698824676498
10.795000000000000   -0.101599075058744
10.800000000000001   -0.101499159451020
10.805000000000000   -0.101399081819361
10.810000000000000   -0.101298846067591
10.815000000000000   -0.101198456038401
10.820000000000000   -0.101097915514409
10.825000000000001   -0.100997228219196
10.830000000000000   -0.100896397818325
10.835000000000001   -0.100795427920338
10.840000000000000   -0.100694322077732
10.845000000000001   -0.100593083787917
10.850000000000000   -0.100491716494160
10.855000000000000   -0.100390223586502
10.859999999999999   -0.100288608402663
10.865000000000000   -0.100186874228930
10.870000000000003   -0.100085024301023
10.875000000000000   -0.099983061804949
10.880000000000001   -0.099880989877838
10.885000000000000   -0.099778811608761
10.890000000000001   -0.099676530039537
10.895000000000000   -0.099574148165521
10.900000000000000   -0.099471668936376
10.904999999999999   -0.099369095256834
10.910000000000000   -0.099266429987441
10.914999999999999   -0.099163675945285
10.920000000000000   -0.099060835904718
10.925000000000001   -0.098957912598055
10.930000000000000   -0.098854908716267
10.935000000000000   -0.098751826909655
10.940000000000000   -0.098648669788521
10.945000000000000   -0.098545439923814
10.950000000000001   -0.098442139847775
10.955000000000000   -0.098338772054562
10.960000000000001   -0.098235339000870
10.965000000000000   -0.098131843106534
10.970000000000001   -0.098028286755125
10.975000000000000   -0.097924672294534
10.980000000000000   -0.097821002037542
10.984999999999999   -0.097717278262387
10.990000000000000   -0.097613503213311
10.995000000000003   -0.097509679101106
11.000000000000000   -0.097405808103647
11.005000000000001   -0.097301892366409
11.010000000000000   -0.097197934002987
11.015000000000001   -0.097093935095598
11.020000000000000   -0.096989897695573
11.025000000000000   -0.096885823823846
11.029999999999999   -0.096781715471433
11.035000000000000   -0.096677574599898
11.039999999999999   -0.096573403141815
11.045000000000000   -0.096469203001220
11.050000000000001   -0.096364976054057
11.055000000000000   -0.096260724148612
11.060000000000000   -0.096156449105945
11.065000000000000   -0.096052152720310
11.070000000000000   -0.095947836759570
11.075000000000001   -0.095843502965600
11.080000000000000   -0.095739153054693
11.085000000000001   -0.095634788717949
11.090000000000000   -0.095530411621661
11.095000000000001   -0.095426023407696
11.100000000000000   -0.095321625693864
11.105000000000000   -0.095217220074290
11.109999999999999   -0.095112808119772
11.115000000000000   -0.095008391378129
11.120000000000003   -0.094903971374559
11.125000000000000   -0.094799549611973
11.130000000000001   -0.094695127571333
11.135000000000000   -0.094590706711985
11.140000000000001   -0.094486288471981
11.145000000000000   -0.094381874268398
11.150000000000000   -0.094277465497654
11.154999999999999   -0.094173063535812
11.160000000000000   -0.094068669738892
11.164999999999999   -0.093964285443159
11.170000000000000   -0.093859911965424
11.175000000000001   -0.093755550603327
11.180000000000000   -0.093651202635626
11.185000000000000   -0.093546869322469
11.190000000000000   -0.093442551905676
11.195000000000000   -0.093338251609001
11.200000000000001   -0.093233969638405
11.205000000000000   -0.093129707182308
11.210000000000001   -0.093025465411855
11.215000000000000   -0.092921245481159
11.220000000000001   -0.092817048527558
11.225000000000000   -0.092712875671852
11.230000000000000   -0.092608728018546
11.234999999999999   -0.092504606656090
11.240000000000000   -0.092400512657103
11.245000000000003   -0.092296447078609
11.250000000000000   -0.092192410962259
11.255000000000001   -0.092088405334552
11.260000000000000   -0.091984431207054
11.265000000000001   -0.091880489576611
11.270000000000000   -0.091776581425560
11.275000000000000   -0.091672707721938
11.279999999999999   -0.091568869419684
11.285000000000000   -0.091465067458842
11.289999999999999   -0.091361302765755
11.295000000000000   -0.091257576253264
11.300000000000001   -0.091153888820897
11.305000000000000   -0.091050241355057
11.310000000000000   -0.090946634729210
11.315000000000000   -0.090843069804064
11.320000000000000   -0.090739547427750
11.325000000000001   -0.090636068436000
11.330000000000000   -0.090532633652322
11.335000000000001   -0.090429243888167
11.340000000000000   -0.090325899943101
11.345000000000001   -0.090222602604970
11.350000000000000   -0.090119352650066
11.355000000000000   -0.090016150843283
11.359999999999999   -0.089912997938280
11.365000000000000   -0.089809894677633
11.370000000000003   -0.089706841792992
11.375000000000000   -0.089603840005232
11.380000000000001   -0.089500890024600
11.385000000000000   -0.089397992550861
11.390000000000001   -0.089295148273445
11.395000000000000   -0.089192357871590
11.400000000000000   -0.089089622014476
11.404999999999999   -0.088986941361370
11.410000000000000   -0.088884316561759
11.414999999999999   -0.088781748255480
11.420000000000000   -0.088679237072859
11.425000000000001   -0.088576783634834
11.430000000000000   -0.088474388553088
11.435000000000000   -0.088372052430171
11.440000000000000   -0.088269775859626
11.445000000000000   -0.088167559426110
11.450000000000001   -0.088065403705515
11.455000000000000   -0.087963309265088
11.460000000000001   -0.087861276663543
11.465000000000000   -0.087759306451182
11.470000000000001   -0.087657399170003
11.475000000000000   -0.087555555353815
11.480000000000000   -0.087453775528348
11.484999999999999   -0.087352060211357
11.490000000000000   -0.087250409912736
11.495000000000003   -0.087148825134616
11.500000000000000   -0.087047306371473
11.505000000000001   -0.086945854110229
11.510000000000000   -0.086844468830351
11.515000000000001   -0.086743151003954
11.520000000000000   -0.086641901095894
11.525000000000000   -0.086540719563869
11.529999999999999   -0.086439606858508
11.535000000000000   -0.086338563423472
11.539999999999999   -0.086237589695539
11.545000000000000   -0.086136686104699
11.550000000000001   -0.086035853074243
11.555000000000000   -0.085935091020851
11.560000000000000   -0.085834400354677
11.565000000000000   -0.085733781479437
11.570000000000000   -0.085633234792494
11.575000000000001   -0.085532760684938
11.580000000000000   -0.085432359541673
11.585000000000001   -0.085332031741493
11.590000000000000   -0.085231777657164
11.595000000000001   -0.085131597655504
11.600000000000000   -0.085031492097456
11.605000000000000   -0.084931461338173
11.609999999999999   -0.084831505727082
11.615000000000000   -0.084731625607967
11.620000000000003   -0.084631821319040
11.625000000000000   -0.084532093193011
11.630000000000001   -0.084432441557161
11.635000000000000   -0.084332866733413
11.640000000000001   -0.084233369038400
11.645000000000000   -0.084133948783532
11.650000000000000   -0.084034606275067
11.654999999999999   -0.083935341814174
11.660000000000000   -0.083836155697000
11.664999999999999   -0.083737048214732
11.670000000000000   -0.083638019653667
11.675000000000001   -0.083539070295268
11.680000000000000   -0.083440200416227
11.685000000000000   -0.083341410288531
11.690000000000000   -0.083242700179515
11.695000000000000   -0.083144070351930
11.700000000000001   -0.083045521063991
11.705000000000000   -0.082947052569445
11.710000000000001   -0.082848665117622
11.715000000000000   -0.082750358953490
11.720000000000001   -0.082652134317718
11.725000000000000   -0.082553991446722
11.730000000000000   -0.082455930572725
11.734999999999999   -0.082357951923805
11.740000000000000   -0.082260055723953
11.745000000000003   -0.082162242193122
11.750000000000000   -0.082064511547277
11.755000000000001   -0.081966863998448
11.760000000000000   -0.081869299754777
11.765000000000001   -0.081771819020571
11.770000000000000   -0.081674421996343
11.775000000000000   -0.081577108878870
11.779999999999999   -0.081479879861231
11.785000000000000   -0.081382735132859
11.789999999999999   -0.081285674879584
11.795000000000000   -0.081188699283679
11.800000000000001   -0.081091808523907
11.805000000000000   -0.080995002775561
11.810000000000000   -0.080898282210509
11.815000000000000   -0.080801646997239
11.820000000000000   -0.080705097300899
11.825000000000001   -0.080608633283338
11.830000000000000   -0.080512255103151
11.835000000000001   -0.080415962915716
11.840000000000000   -0.080319756873235
11.845000000000001   -0.080223637124776
11.850000000000000   -0.080127603816307
11.855000000000000   -0.080031657090741
11.859999999999999   -0.079935797087968
11.865000000000000   -0.079840023944899
11.870000000000003   -0.079744337795495
11.875000000000000   -0.079648738770811
11.880000000000001   -0.079553226999030
11.885000000000000   -0.079457802605496
11.890000000000001   -0.079362465712751
11.895000000000000   -0.079267216440571
11.900000000000000   -0.079172054906000
11.904999999999999   -0.079076981223380
11.910000000000000   -0.078981995504392
11.914999999999999   -0.078887097858079
11.920000000000000   -0.078792288390890
11.925000000000001   -0.078697567206701
11.930000000000000   -0.078602934406855
11.935000000000000   -0.078508390090190
11.940000000000000   -0.078413934353069
11.945000000000000   -0.078319567289414
11.950000000000001   -0.078225288990730
11.955000000000000   -0.078131099546143
11.960000000000001   -0.078036999042423
11.965000000000000   -0.077942987564015
11.970000000000001   -0.077849065193068
11.975000000000000   -0.077755232009465
11.980000000000000   -0.077661488090845
11.984999999999999   -0.077567833512639
11.990000000000000   -0.077474268348089
11.995000000000003   -0.077380792668281
12.000000000000000   -0.077287406542169
