 2.000000000000000    0.935883559449911
 2.005000000000000    0.927400618362469
 2.010000000000000    0.918540199314737
 2.015000000000000    0.909307492901811
 2.020000000000000    0.899708507318875
 2.025000000000000    0.889750101669685
 2.030000000000000    0.879440017315637
 2.035000000000000    0.868786904388162
 2.040000000000000    0.857800338699460
 2.045000000000000    0.846490821365398
 2.050000000000000    0.834869748983003
 2.055000000000000    0.822949335440481
 2.060000000000000    0.810742456350980
 2.065000000000000    0.798262372352313
 2.070000000000000    0.785522266558871
 2.075000000000000    0.772534502984591
 2.080000000000000    0.759309476937264
 2.085000000000000    0.745853889656575
 2.090000000000000    0.732168252279321
 2.095000000000000    0.718243443155733
 2.100000000000000    0.704056276801640
 2.105000000000000    0.689564407633918
 2.110000000000000    0.674701630493415
 2.115000000000000    0.659375817052301
 2.120000000000000    0.643473055623855
 2.125000000000000    0.626872011951688
 2.130000000000000    0.609470288155950
 2.135000000000000    0.591218326095579
 2.140000000000000    0.572148245908512
 2.145000000000000    0.552381711423443
 2.150000000000000    0.532108821459538
 2.155000000000000    0.511545954046872
 2.160000000000000    0.490891754376979
 2.165000000000000    0.470298153268782
 2.170000000000000    0.449861705895321
 2.175000000000000    0.429630248187801
 2.180000000000000    0.409616427050684
 2.185000000000000    0.389811518594794
 2.190000000000000    0.370196312453517
 2.195000000000000    0.350748383574915
 2.200000000000000    0.331446319893722
 2.205000000000000    0.312271810604034
 2.210000000000000    0.293210403755602
 2.215000000000000    0.274251519859586
 2.220000000000000    0.255388098941797
 2.225000000000000    0.236616103351942
 2.230000000000000    0.217933996896311
 2.235000000000000    0.199342259299471
 2.240000000000000    0.180842960096089
 2.245000000000000    0.162439397529896
 2.250000000000000    0.144135799028762
 2.255000000000000    0.125937076075996
 2.260000000000000    0.107848625299550
 2.265000000000000    0.089876167933872
 2.270000000000000    0.072025620702331
 2.275000000000000    0.054302992222149
 2.280000000000001    0.036714300055505
 2.285000000000000    0.019265504438597
 2.290000000000000    0.001962455489762
 2.295000000000000   -0.015189148667858
 2.300000000000000   -0.032183794920443
 2.305000000000000   -0.049016180954371
 2.310000000000000   -0.065681235136812
 2.315000000000000   -0.082174131539852
 2.320000000000000   -0.098490300956927
 2.325000000000000   -0.114625438598304
 2.330000000000000   -0.130575509023979
 2.335000000000000   -0.146336748770656
 2.340000000000000   -0.161905667048457
 2.345000000000000   -0.177279044818465
 2.350000000000000   -0.192453932510431
 2.355000000000000   -0.207427646598226
 2.360000000000000   -0.222197765216955
 2.365000000000000   -0.236762122978064
 2.370000000000000   -0.251118805116342
 2.375000000000000   -0.265266141084036
 2.380000000000000   -0.279202697691891
 2.385000000000000   -0.292927271883990
 2.390000000000000   -0.306438883222267
 2.395000000000000   -0.319736766147339
 2.400000000000000   -0.332820362074235
 2.405000000000001   -0.345689311374771
 2.410000000000000   -0.358343445292214
 2.415000000000000   -0.370782777828653
 2.420000000000000   -0.383007497640795
 2.425000000000000   -0.395017959975719
 2.430000000000000   -0.406814678674471
 2.435000000000000   -0.418398318267958
 2.440000000000000   -0.429769686186634
 2.445000000000000   -0.440929725102724
 2.450000000000000   -0.451879505421253
 2.455000000000000   -0.462620217933866
 2.460000000000000   -0.473153166647398
 2.465000000000000   -0.483479761797266
 2.470000000000000   -0.493601513054008
 2.475000000000000   -0.503520022929786
 2.480000000000000   -0.513236980390180
 2.485000000000000   -0.522754154675365
 2.490000000000000   -0.532073389333508
 2.495000000000000   -0.541196596468219
 2.500000000000000   -0.550125751200864
 2.505000000000000   -0.558862886347681
 2.510000000000000   -0.567410087310888
 2.515000000000000   -0.575769487182178
 2.520000000000000   -0.583943262056461
 2.525000000000000   -0.591933626553059
 2.530000000000001   -0.599742829541131
 2.535000000000000   -0.607373150065621
 2.540000000000000   -0.614826893469669
 2.545000000000000   -0.622106387709075
 2.550000000000000   -0.629213979854147
 2.555000000000000   -0.636152032774018
 2.560000000000000   -0.642922921998315
 2.565000000000000   -0.649529032750924
 2.570000000000000   -0.655972757150459
 2.575000000000000   -0.662256491571968
 2.580000000000000   -0.668382634164327
 2.585000000000000   -0.674353582517758
 2.590000000000000   -0.680171731475892
 2.594999999999999   -0.685839471086794
 2.600000000000000   -0.691359184687435
 2.605000000000000   -0.696733247116077
 2.610000000000000   -0.701964023047197
 2.615000000000000   -0.707053865443542
 2.620000000000000   -0.712005114120091
 2.625000000000000   -0.716820094414750
 2.630000000000000   -0.721501115960714
 2.635000000000000   -0.726050471555581
 2.640000000000000   -0.730470436122380
 2.645000000000000   -0.734763265757856
 2.650000000000000   -0.738931196863432
 2.655000000000001   -0.742976445354465
 2.660000000000000   -0.746901205943499
 2.665000000000000   -0.750707651493403
 2.670000000000000   -0.754397932436401
 2.675000000000000   -0.757974176255157
 2.680000000000000   -0.761438487022214
 2.685000000000000   -0.764792944994245
 2.690000000000000   -0.768039606257707
 2.695000000000000   -0.771180502422631
 2.700000000000000   -0.774217640361428
 2.705000000000000   -0.777153001989738
 2.710000000000000   -0.779988544086452
 2.715000000000000   -0.782726198150233
 2.719999999999999   -0.785367870289921
 2.725000000000000   -0.787915441146403
 2.730000000000000   -0.790370765843603
 2.735000000000000   -0.792735673966411
 2.740000000000000   -0.795011969563456
 2.745000000000000   -0.797201431172769
 2.750000000000000   -0.799305811868482
 2.755000000000000   -0.801326839326825
 2.760000000000000   -0.803266215909780
 2.765000000000000   -0.805125618764855
 2.770000000000000   -0.806906699939558
 2.775000000000000   -0.808611086509209
 2.780000000000001   -0.810240380716847
 2.785000000000000   -0.811796160124075
 2.790000000000000   -0.813279977771749
 2.795000000000000   -0.814693362349515
 2.800000000000000   -0.816037818373266
 2.805000000000000   -0.817314826369666
 2.810000000000000   -0.818525843066952
 2.815000000000000   -0.819672301591288
 2.820000000000000   -0.820755611668029
 2.825000000000000   -0.821777159827262
 2.830000000000000   -0.822738309613103
 2.835000000000000   -0.823640401796240
 2.840000000000000   -0.824484754589273
 2.844999999999999   -0.825272663864446
 2.850000000000000   -0.826005403373417
 2.855000000000000   -0.826684224968724
 2.860000000000000   -0.827310358826683
 2.865000000000000   -0.827885013671432
 2.870000000000000   -0.828409376999928
 2.875000000000000   -0.828884615307682
 2.880000000000000   -0.829311874315055
 2.885000000000000   -0.829692279193985
 2.890000000000000   -0.830026934795007
 2.895000000000000   -0.830316925874452
 2.900000000000000   -0.830563317321747
 2.905000000000001   -0.830767154386721
 2.910000000000000   -0.830929462906874
 2.915000000000000   -0.831051249534532
 2.920000000000000   -0.831133501963868
 2.925000000000000   -0.831177189157732
 2.930000000000000   -0.831183261574282
 2.935000000000000   -0.831152651393376
 2.940000000000000   -0.831086272742721
 2.945000000000000   -0.830985021923752
 2.950000000000000   -0.830849777637238
 2.955000000000000   -0.830681401208596
 2.960000000000000   -0.830480736812909
 2.965000000000000   -0.830248611699640
 2.969999999999999   -0.829985836417015
 2.975000000000000   -0.829693205036085
 2.980000000000000   -0.829371495374439
 2.985000000000000   -0.829021469219552
 2.990000000000000   -0.828643872551763
 2.995000000000000   -0.828239435766844
 3.000000000000000   -0.827808873898157
 3.005000000000000   -0.827352886838349
 3.010000000000000   -0.826872159560578
 3.015000000000000   -0.826367362339232
 3.020000000000000   -0.825839150970088
 3.025000000000000   -0.825288166989901
 3.030000000000001   -0.824715037895364
 3.035000000000000   -0.824120377361390
 3.040000000000000   -0.823504785458691
 3.045000000000000   -0.822868848870586
 3.050000000000000   -0.822213141108984
 3.055000000000000   -0.821538222729513
 3.060000000000000   -0.820844641545705
 3.065000000000000   -0.820132932842207
 3.070000000000000   -0.819403619586946
 3.075000000000000   -0.818657212642196
 3.080000000000000   -0.817894210974465
 3.085000000000000   -0.817115101863179
 3.090000000000000   -0.816320361108052
 3.094999999999999   -0.815510453235128
 3.100000000000000   -0.814685831701390
 3.105000000000000   -0.813846939097907
 3.110000000000000   -0.812994207351427
 3.115000000000000   -0.812128057924389
 3.120000000000000   -0.811248902013256
 3.125000000000000   -0.810357140745139
 3.130000000000000   -0.809453165372642
 3.135000000000000   -0.808537357466868
 3.140000000000000   -0.807610089108537
 3.145000000000000   -0.806671723077166
 3.150000000000000   -0.805722613038244
 3.155000000000001   -0.804763103728373
 3.160000000000000   -0.803793531138311
 3.165000000000000   -0.802814222693883
 3.170000000000000   -0.801825497434712
 3.175000000000000   -0.800827666190726
 3.180000000000000   -0.799821031756421
 3.185000000000000   -0.798805889062814
 3.190000000000000   -0.797782525347087
 3.195000000000000   -0.796751220319864
 3.200000000000000   -0.795712246330121
 3.205000000000000   -0.794665868527668
 3.210000000000000   -0.793612345023224
 3.215000000000000   -0.792551927046025
 3.219999999999999   -0.791484859098980
 3.225000000000000   -0.790411379111339
 3.230000000000000   -0.789331718588871
 3.235000000000000   -0.788246102761546
 3.240000000000000   -0.787154750728704
 3.245000000000000   -0.786057875601712
 3.250000000000000   -0.784955684644110
 3.255000000000000   -0.783848379409244
 3.260000000000000   -0.782736155875382
 3.265000000000000   -0.781619204578332
 3.270000000000000   -0.780497710741552
 3.275000000000000   -0.779371854403774
 3.280000000000001   -0.778241810544147
 3.285000000000000   -0.777107749204911
 3.290000000000000   -0.775969835611615
 3.295000000000000   -0.774828230290907
 3.300000000000000   -0.773683089185888
 3.305000000000000   -0.772534563769086
 3.310000000000000   -0.771382801153026
 3.315000000000000   -0.770227944198463
 3.320000000000000   -0.769070131620266
 3.325000000000000   -0.767909498090996
 3.330000000000000   -0.766746174342197
 3.335000000000000   -0.765580287263430
 3.340000000000000   -0.764411959999073
 3.344999999999999   -0.763241312042916
 3.350000000000000   -0.762068459330589
 3.355000000000000   -0.760893514329835
 3.360000000000000   -0.759716586128677
 3.365000000000000   -0.758537780521497
 3.370000000000000   -0.757357200093067
 3.375000000000000   -0.756174944300555
 3.380000000000000   -0.754991109553550
 3.385000000000000   -0.753805789292130
 3.390000000000000   -0.752619074063004
 3.395000000000000   -0.751431051593771
 3.400000000000000   -0.750241806865322
 3.405000000000001   -0.749051422182419
 3.410000000000000   -0.747859977242489
 3.415000000000000   -0.746667549202656
 3.420000000000000   -0.745474212745063
 3.425000000000000   -0.744280040140494
 3.430000000000000   -0.743085101310351
 3.435000000000000   -0.741889463887005
 3.440000000000000   -0.740693193272561
 3.445000000000000   -0.739496352696060
 3.450000000000000   -0.738299003269174
 3.455000000000000   -0.737101204040392
 3.460000000000000   -0.735903012047759
 3.465000000000000   -0.734704482370187
 3.469999999999999   -0.733505668177364
 3.475000000000000   -0.732306620778306
 3.480000000000000   -0.731107389668569
 3.485000000000000   -0.729908022576163
 3.490000000000000   -0.728708565506184
 3.495000000000000   -0.727509062784212
 3.500000000000000   -0.726309557098482
 3.505000000000000   -0.725110089540880
 3.510000000000000   -0.723910699646765
 3.515000000000000   -0.722711425433676
 3.520000000000000   -0.721512303438923
 3.525000000000000   -0.720313368756102
 3.530000000000001   -0.719114655070566
 3.535000000000000   -0.717916194693857
 3.540000000000000   -0.716718018597152
 3.545000000000000   -0.715520156443721
 3.550000000000000   -0.714322636620438
 3.555000000000000   -0.713125486268366
 3.560000000000000   -0.711928731312434
 3.565000000000000   -0.710732396490232
 3.570000000000000   -0.709536505379945
 3.575000000000000   -0.708341080427452
 3.580000000000000   -0.707146142972606
 3.585000000000000   -0.705951713274718
 3.590000000000000   -0.704757810537261
 3.594999999999999   -0.703564452931826
 3.600000000000000   -0.702371657621335
 3.605000000000000   -0.701179440782535
 3.610000000000000   -0.699987817627799
 3.615000000000000   -0.698796802426235
 3.620000000000000   -0.697606408524141
 3.625000000000000   -0.696416648364807
 3.630000000000000   -0.695227533507688
 3.635000000000000   -0.694039074646961
 3.640000000000000   -0.692851281629484
 3.645000000000000   -0.691664163472173
 3.650000000000000   -0.690477728378811
 3.655000000000001   -0.689291983756297
 3.660000000000000   -0.688106936230363
 3.665000000000000   -0.686922591660760
 3.670000000000000   -0.685738955155932
 3.675000000000000   -0.684556031087190
 3.680000000000000   -0.683373823102402
 3.685000000000000   -0.682192334139201
 3.690000000000000   -0.681011566437734
 3.695000000000000   -0.679831521552962
 3.700000000000000   -0.678652200366514
 3.705000000000000   -0.677473603098112
 3.710000000000000   -0.676295729316582
 3.715000000000000   -0.675118577950448
 3.719999999999999   -0.673942147298134
 3.725000000000000   -0.672766435037772
 3.730000000000000   -0.671591438236630
 3.735000000000000   -0.670417153360171
 3.740000000000000   -0.669243576280749
 3.745000000000000   -0.668070702285944
 3.750000000000000   -0.666898526086562
 3.755000000000000   -0.665727041824288
 3.760000000000000   -0.664556243079015
 3.765000000000000   -0.663386122875837
 3.770000000000000   -0.662216673691744
 3.775000000000000   -0.661047887461993
 3.780000000000001   -0.659879755586182
 3.785000000000000   -0.658712268934027
 3.790000000000000   -0.657545417850845
 3.795000000000000   -0.656379192162763
 3.800000000000000   -0.655213581181633
 3.805000000000000   -0.654048573709687
 3.810000000000000   -0.652884158043917
 3.815000000000000   -0.651720321980192
 3.820000000000000   -0.650557052817124
 3.825000000000000   -0.649394337359670
 3.830000000000000   -0.648232161922493
 3.835000000000000   -0.647070512333079
 3.840000000000000   -0.645909373934603
 3.844999999999999   -0.644748731588576
 3.850000000000000   -0.643588569677242
 3.855000000000000   -0.642428872105759
 3.860000000000000   -0.641269622304143
 3.865000000000000   -0.640110803229002
 3.870000000000000   -0.638952397365041
 3.875000000000000   -0.637794386726353
 3.880000000000000   -0.636636752857500
 3.885000000000000   -0.635479476834384
 3.890000000000000   -0.634322539264897
 3.895000000000000   -0.633165920289386
 3.900000000000000   -0.632009599580895
 3.905000000000001   -0.630853556345220
 3.910000000000000   -0.629697769320756
 3.915000000000000   -0.628542216778144
 3.920000000000000   -0.627386876519735
 3.925000000000000   -0.626231725878845
 3.930000000000000   -0.625076741718827
 3.935000000000000   -0.623921900431943
 3.940000000000000   -0.622767177938056
 3.945000000000000   -0.621612549683125
 3.950000000000000   -0.620457990637510
 3.955000000000000   -0.619303475294100
 3.960000000000000   -0.618148977666241
 3.965000000000000   -0.616994471285492
 3.969999999999999   -0.615839929199180
 3.975000000000000   -0.614685323967785
 3.980000000000000   -0.613530627662130
 3.985000000000000   -0.612375811860390
 3.990000000000000   -0.611220847644918
 3.995000000000000   -0.610065705598884
 4.000000000000000   -0.608910355802732
 4.005000000000000   -0.607754767830449
 4.010000000000000   -0.606598910745653
 4.015000000000001   -0.605442753097495
 4.020000000000000   -0.604286262916369
 4.025000000000000   -0.603129407709449
 4.030000000000000   -0.601972154456023
 4.035000000000000   -0.600814469602652
 4.040000000000000   -0.599656319058132
 4.045000000000000   -0.598497668188275
 4.050000000000000   -0.597338481810488
 4.055000000000000   -0.596178724188173
 4.060000000000001   -0.595018359024921
 4.065000000000000   -0.593857349458526
 4.070000000000000   -0.592695658054789
 4.075000000000000   -0.591533246801140
 4.080000000000000   -0.590370077100043
 4.085000000000000   -0.589206109762219
 4.090000000000000   -0.588041304999658
 4.095000000000001   -0.586875622418424
 4.100000000000000   -0.585709021011262
 4.105000000000000   -0.584541459149992
 4.109999999999999   -0.583372894577698
 4.115000000000000   -0.582203284400695
 4.120000000000000   -0.581032585080296
 4.125000000000000   -0.579860752424350
 4.130000000000000   -0.578687741578567
 4.135000000000000   -0.577513507017624
 4.140000000000001   -0.576338002536037
 4.145000000000000   -0.575161181238819
 4.150000000000000   -0.573982995531897
 4.155000000000000   -0.572803397112307
 4.160000000000000   -0.571622336958143
 4.165000000000000   -0.570439765318278
 4.170000000000000   -0.569255631701838
 4.175000000000001   -0.568069884867431
 4.180000000000000   -0.566882472812134
 4.185000000000001   -0.565693342760221
 4.190000000000000   -0.564502441151644
 4.195000000000000   -0.563309713630249
 4.200000000000000   -0.562115105031744
 4.205000000000000   -0.560918559371379
 4.210000000000000   -0.559720019831385
 4.215000000000000   -0.558519428748118
 4.220000000000001   -0.557316727598938
 4.225000000000000   -0.556111856988808
 4.230000000000000   -0.554904756636604
 4.234999999999999   -0.553695365361139
 4.240000000000000   -0.552483621066898
 4.245000000000000   -0.551269460729470
 4.250000000000000   -0.550052820380688
 4.255000000000000   -0.548833635093455
 4.260000000000000   -0.547611838966267
 4.265000000000001   -0.546387365107419
 4.270000000000000   -0.545160145618897
 4.275000000000000   -0.543930111579942
 4.280000000000000   -0.542697193030290
 4.285000000000000   -0.541461318953079
 4.290000000000000   -0.540222417257420
 4.295000000000000   -0.538980414760630
 4.300000000000001   -0.537735237170111
 4.305000000000000   -0.536486809064885
 4.310000000000001   -0.535235053876773
 4.314999999999999   -0.533979893871214
 4.320000000000000   -0.532721250127710
 4.325000000000000   -0.531459042519917
 4.330000000000000   -0.530193189695351
 4.335000000000000   -0.528923609054712
 4.340000000000000   -0.527650216730833
 4.345000000000001   -0.526372927567231
 4.350000000000000   -0.525091655096271
 4.355000000000000   -0.523806311516925
 4.359999999999999   -0.522516807672135
 4.365000000000000   -0.521223053025759
 4.370000000000000   -0.519924955639114
 4.375000000000000   -0.518622422147092
 4.380000000000000   -0.517315357733861
 4.385000000000000   -0.516003666108145
 4.390000000000001   -0.514687249478058
 4.395000000000000   -0.513366008525519
 4.400000000000000   -0.512039842380223
 4.405000000000000   -0.510708648593168
 4.410000000000000   -0.509372323109742
 4.415000000000000   -0.508030760242356
 4.420000000000000   -0.506683852642629
 4.425000000000001   -0.505331491273113
 4.430000000000000   -0.503973565378564
 4.435000000000001   -0.502609962456752
 4.439999999999999   -0.501240568228809
 4.445000000000000   -0.499865266609110
 4.450000000000000   -0.498483939674691
 4.455000000000000   -0.497096467634200
 4.460000000000000   -0.495702728796377
 4.465000000000000   -0.494302599538072
 4.470000000000001   -0.492895954271791
 4.475000000000000   -0.491482665412778
 4.480000000000000   -0.490062603345626
 4.484999999999999   -0.488635636390436
 4.490000000000000   -0.487201630768498
 4.495000000000000   -0.485760450567535
 4.500000000000000   -0.484311957706472
 4.505000000000000   -0.482856011899772
 4.510000000000000   -0.481392470621321
 4.515000000000001   -0.479921189067877
 4.520000000000000   -0.478442020122092
 4.525000000000000   -0.476954814315106
 4.530000000000000   -0.475459419788740
 4.535000000000000   -0.473955682257280
 4.540000000000000   -0.472443444968868
 4.545000000000000   -0.470922548666537
 4.550000000000001   -0.469392831548856
 4.555000000000000   -0.467854129230253
 4.560000000000001   -0.466306274700999
 4.564999999999999   -0.464749098286891
 4.570000000000000   -0.463182427608632
 4.575000000000000   -0.461606087540970
 4.580000000000000   -0.460019900171579
 4.585000000000000   -0.458423684759728
 4.590000000000000   -0.456817257694785
 4.595000000000001   -0.455200432454540
 4.600000000000000   -0.453573019563437
 4.605000000000000   -0.451934826550706
 4.609999999999999   -0.450285657908464
 4.615000000000000   -0.448625315049810
 4.620000000000000   -0.446953596266968
 4.625000000000000   -0.445270296689526
 4.630000000000000   -0.443575208242818
 4.635000000000000   -0.441868119606512
 4.640000000000001   -0.440148816173456
 4.645000000000000   -0.438417080008858
 4.650000000000000   -0.436672689809843
 4.655000000000000   -0.434915420865501
 4.660000000000000   -0.433145045017454
 4.665000000000000   -0.431361330621066
 4.670000000000000   -0.429564042507356
 4.675000000000001   -0.427752941945725
 4.680000000000000   -0.425927786607587
 4.685000000000001   -0.424088330530999
 4.689999999999999   -0.422234324086436
 4.695000000000000   -0.420365513943777
 4.700000000000000   -0.418481643040690
 4.705000000000000   -0.416582450552486
 4.710000000000000   -0.414667671863627
 4.715000000000000   -0.412737038541022
 4.720000000000001   -0.410790278309263
 4.725000000000000   -0.408827115027986
 4.730000000000000   -0.406847268671497
 4.734999999999999   -0.404850455310899
 4.740000000000000   -0.402836387098880
 4.745000000000000   -0.400804772257368
 4.750000000000000   -0.398755315068307
 4.755000000000000   -0.396687715867736
 4.760000000000000   -0.394601671043458
 4.765000000000001   -0.392496873036531
 4.770000000000000   -0.390373010346846
 4.775000000000000   -0.388229767543100
 4.780000000000000   -0.386066825277441
 4.785000000000000   -0.383883860305102
 4.790000000000000   -0.381680545509366
 4.795000000000000   -0.379456549932195
 4.800000000000001   -0.377211538810888
 4.805000000000000   -0.374945173621166
 4.810000000000001   -0.372657112127048
 4.814999999999999   -0.370347008437994
 4.820000000000000   -0.368014513073686
 4.825000000000000   -0.365659273036972
 4.830000000000000   -0.363280931895405
 4.835000000000000   -0.360879129871907
 4.840000000000000   -0.358453503945089
 4.845000000000001   -0.356003687959744
 4.850000000000000   -0.353529312748134
 4.855000000000000   -0.351030006262621
 4.859999999999999   -0.348505393720315
 4.865000000000000   -0.345955097760348
 4.870000000000000   -0.343378738614476
 4.875000000000000   -0.340775934291705
 4.880000000000000   -0.338146300777671
 4.885000000000000   -0.335489452249557
 4.890000000000001   -0.332805001307282
 4.895000000000000   -0.330092559221865
 4.900000000000000   -0.327351736201712
 4.905000000000000   -0.324582141677793
 4.910000000000000   -0.321783384608565
 4.915000000000000   -0.318955073805578
 4.920000000000000   -0.316096818280757
 4.925000000000001   -0.313208227616330
 4.930000000000000   -0.310288912358435
 4.935000000000001   -0.307338484435449
 4.939999999999999   -0.304356557602137
 4.945000000000000   -0.301342747910687
 4.950000000000000   -0.298296674209815
 4.955000000000000   -0.295217958673030
 4.960000000000000   -0.292106227357270
 4.965000000000000   -0.288961110793108
 4.970000000000001   -0.285782244607690
 4.975000000000000   -0.282569270181691
 4.980000000000000   -0.279321835341462
 4.984999999999999   -0.276039595087653
 4.990000000000000   -0.272722212361519
 4.995000000000000   -0.269369358850184
 5.000000000000000   -0.265980715832067
 5.005000000000000   -0.262555975063713
 5.010000000000000   -0.259094839709204
 5.015000000000001   -0.255597025313365
 5.020000000000000   -0.252062260819875
 5.025000000000000   -0.248490289635392
 5.030000000000000   -0.244880870740759
 5.035000000000000   -0.241233779850252
 5.040000000000000   -0.237548810619818
 5.045000000000000   -0.233825775905120
 5.050000000000001   -0.230064509070134
 5.055000000000000   -0.226264865346937
 5.060000000000001   -0.222426723247177
 5.064999999999999   -0.218549986025643
 5.070000000000000   -0.214634583196100
 5.075000000000000   -0.210680472099460
 5.080000000000000   -0.206687639524168
 5.085000000000000   -0.202656103378424
 5.090000000000000   -0.198585914413678
 5.095000000000001   -0.194477157998576
 5.100000000000000   -0.190329955942266
 5.105000000000000   -0.186144468365645
 5.109999999999999   -0.181920895618888
 5.115000000000000   -0.177659480243174
 5.120000000000000   -0.173360508974209
 5.125000000000000   -0.169024314784748
 5.130000000000000   -0.164651278962889
 5.135000000000000   -0.160241833222482
 5.140000000000001   -0.155796461841507
 5.145000000000000   -0.151315703823831
 5.150000000000000   -0.146800155079151
 5.155000000000000   -0.142250470615509
 5.160000000000000   -0.137667366738039
 5.165000000000000   -0.133051623247211
 5.170000000000000   -0.128404085629031
 5.175000000000001   -0.123725667229203
 5.180000000000000   -0.119017351402506
 5.185000000000001   -0.114280193628035
 5.189999999999999   -0.109515323580290
 5.195000000000000   -0.104723947145412
 5.200000000000000   -0.099907348371265
 5.205000000000000   -0.095066891339286
 5.210000000000000   -0.090204021945507
 5.215000000000000   -0.085320269577438
 5.220000000000001   -0.080417248672928
 5.225000000000000   -0.075496660146542
 5.230000000000000   -0.070560292668453
 5.234999999999999   -0.065610023780371
 5.240000000000000   -0.060647820832596
 5.245000000000000   -0.055675741725937
 5.250000000000000   -0.050695935441952
 5.255000000000000   -0.045710642344709
 5.260000000000000   -0.040722194237320
 5.265000000000001   -0.035733014156312
 5.270000000000000   -0.030745615887237
 5.275000000000000   -0.025762603184968
 5.280000000000000   -0.020786668682738
 5.285000000000000   -0.015820592474364
 5.290000000000000   -0.010867240354910
 5.295000000000000   -0.005929561705828
 5.300000000000001   -0.001010587011779
 5.305000000000000    0.003886575002563
 5.310000000000001    0.008758740625928
 5.314999999999999    0.013602654812697
 5.320000000000000    0.018414995240857
 5.325000000000000    0.023192376780486
 5.330000000000000    0.027931356375547
 5.335000000000000    0.032628438339298
 5.340000000000000    0.037280080061276
 5.345000000000001    0.041882698121022
 5.350000000000000    0.046432674801011
 5.355000000000000    0.050926364988303
 5.359999999999999    0.055360103451378
 5.365000000000000    0.059730212475542
 5.370000000000000    0.064033009837147
 5.375000000000000    0.068264817093638
 5.380000000000000    0.072421968163254
 5.385000000000000    0.076500818165175
 5.390000000000001    0.080497752487665
 5.395000000000000    0.084409196048949
 5.400000000000000    0.088231622712705
 5.405000000000000    0.091961564817363
 5.410000000000000    0.095595622776121
 5.415000000000000    0.099130474702317
 5.420000000000000    0.102562886013067
 5.425000000000001    0.105889718962445
 5.430000000000000    0.109107942054407
 5.435000000000001    0.112214639284880
 5.439999999999999    0.115207019161978
 5.445000000000000    0.118082423453552
 5.450000000000000    0.120838335611620
 5.455000000000000    0.123472388824283
 5.460000000000000    0.125982373647160
 5.465000000000000    0.128366245168215
 5.470000000000001    0.130622129662196
 5.475000000000000    0.132748330693641
 5.480000000000000    0.134743334630610
 5.484999999999999    0.136605815534808
 5.490000000000000    0.138334639397648
 5.495000000000000    0.139928867696044
 5.500000000000000    0.141387760246225
 5.505000000000000    0.142710777338389
 5.510000000000000    0.143897581140145
 5.515000000000001    0.144948036361411
 5.520000000000000    0.145862210178661
 5.525000000000000    0.146640371421401
 5.530000000000000    0.147282989028718
 5.535000000000000    0.147790729788771
 5.540000000000000    0.148164455378724
 5.545000000000000    0.148405218727203
 5.550000000000001    0.148514259725739
 5.555000000000000    0.148493000319552
 5.560000000000001    0.148343039011694
 5.564999999999999    0.148066144818055
 5.570000000000000    0.147664250713418
 5.575000000000000    0.147139446611418
 5.580000000000000    0.146493971923283
 5.585000000000000    0.145730207741844
 5.590000000000000    0.144850668698577
 5.595000000000001    0.143857994542115
 5.600000000000000    0.142754941487044
 5.605000000000000    0.141544373381702
 5.609999999999999    0.140229252743240
 5.615000000000000    0.138812631707207
 5.620000000000000    0.137297642937916
 5.625000000000000    0.135687490544099
 5.630000000000000    0.133985441042629
 5.635000000000000    0.132194814410997
 5.640000000000001    0.130318975266833
 5.645000000000000    0.128361324210341
 5.650000000000000    0.126325289362785
 5.655000000000000    0.124214318131438
 5.660000000000000    0.122031869228433
 5.665000000000000    0.119781404968185
 5.670000000000000    0.117466383865007
 5.675000000000001    0.115090253549567
 5.680000000000000    0.112656444020083
 5.685000000000001    0.110168361241238
 5.689999999999999    0.107629381100918
 5.695000000000000    0.105042843732510
 5.700000000000000    0.102412048207657
 5.705000000000000    0.099740247602206
 5.710000000000000    0.097030644435661
 5.715000000000000    0.094286386482473
 5.720000000000001    0.091510562951508
 5.725000000000000    0.088706201028230
 5.730000000000000    0.085876262772587
 5.734999999999999    0.083023642364141
 5.740000000000000    0.080151163684643
 5.745000000000000    0.077261578227251
 5.750000000000000    0.074357563320549
 5.755000000000000    0.071441720654726
 5.760000000000000    0.068516575096741
 5.765000000000001    0.065584573780594
 5.770000000000000    0.062648085458594
 5.775000000000000    0.059709400099215
 5.780000000000000    0.056770728716898
 5.785000000000000    0.053834203419262
 5.790000000000000    0.050901877657090
 5.795000000000000    0.047975726662658
 5.800000000000001    0.045057648062235
 5.805000000000000    0.042149462648720
 5.810000000000001    0.039252915300873
 5.814999999999999    0.036369676035891
 5.820000000000000    0.033501341182507
 5.825000000000000    0.030649434662353
 5.830000000000000    0.027815409367675
 5.835000000000000    0.025000648624173
 5.840000000000000    0.022206467728102
 5.845000000000001    0.019434115547492
 5.850000000000000    0.016684776177730
 5.855000000000000    0.013959570642471
 5.859999999999999    0.011259558631223
 5.865000000000000    0.008585740265664
 5.870000000000000    0.005939057887168
 5.875000000000000    0.003320397858620
 5.880000000000000    0.000730592374074
 5.885000000000000   -0.001829578729674
 5.890000000000001   -0.004359386165018
 5.895000000000000   -0.006858149394003
 5.900000000000000   -0.009325234841807
 5.905000000000000   -0.011760054127360
 5.910000000000000   -0.014162062314826
 5.915000000000000   -0.016530756189192
 5.920000000000000   -0.018865672558990
 5.925000000000001   -0.021166386588691
 5.930000000000000   -0.023432510163081
 5.935000000000001   -0.025663690285576
 5.939999999999999   -0.027859607512170
 5.945000000000000   -0.030019974422438
 5.950000000000000   -0.032144534128790
 5.955000000000000   -0.034233058824863
 5.960000000000000   -0.036285348373895
 5.965000000000000   -0.038301228937529
 5.970000000000001   -0.040280551645476
 5.975000000000000   -0.042223191306193
 5.980000000000000   -0.044129045158715
 5.984999999999999   -0.045998031665477
 5.990000000000000   -0.047830089345982
 5.995000000000000   -0.049625175651016
 6.000000000000000   -0.051383265876961
 6.005000000000000   -0.053104352119787
 6.010000000000000   -0.054788442268102
 6.015000000000000   -0.056435559034667
 6.020000000000000   -0.058045739025644
 6.025000000000000   -0.059619031846920
 6.030000000000000   -0.061155499246619
 6.035000000000000   -0.062655214293083
 6.040000000000000   -0.064118260587414
 6.045000000000000   -0.065544731509738
 6.050000000000000   -0.066934729498293
 6.055000000000000   -0.068288365360448
 6.060000000000001   -0.069605757614741
 6.065000000000000   -0.070887031863005
 6.070000000000000   -0.072132320191713
 6.075000000000000   -0.073341760601570
 6.080000000000000   -0.074515496464496
 6.085000000000000   -0.075653676007061
 6.090000000000000   -0.076756451819508
 6.095000000000000   -0.077823980389461
 6.100000000000000   -0.078856421659488
 6.105000000000000   -0.079853938607621
 6.110000000000000   -0.080816696850045
 6.115000000000000   -0.081744864265104
 6.120000000000000   -0.082638610637855
 6.125000000000000   -0.083498107324373
 6.130000000000000   -0.084323526935049
 6.135000000000000   -0.085115043036164
 6.140000000000000   -0.085872829868982
 6.145000000000000   -0.086597062085718
 6.150000000000000   -0.087287914501655
 6.155000000000000   -0.087945561862799
 6.160000000000000   -0.088570178628401
 6.165000000000000   -0.089161938767776
 6.170000000000000   -0.089721015570797
 6.175000000000000   -0.090247581471508
 6.180000000000000   -0.090741807884301
 6.185000000000001   -0.091203865052154
 6.190000000000000   -0.091633921906378
 6.195000000000000   -0.092032145937430
 6.200000000000000   -0.092398703076285
 6.205000000000000   -0.092733757585953
 6.210000000000000   -0.093037471962678
 6.215000000000000   -0.093310006846417
 6.220000000000000   -0.093551520940219
 6.225000000000000   -0.093762170938093
 6.230000000000000   -0.093942111461024
 6.235000000000000   -0.094091495000793
 6.240000000000000   -0.094210471871248
 6.245000000000000   -0.094299190166741
 6.250000000000000   -0.094357795727393
 6.255000000000000   -0.094386432110934
 6.260000000000000   -0.094385240570827
 6.265000000000000   -0.094354360040405
 6.270000000000000   -0.094293927122804
 6.275000000000000   -0.094204076086420
 6.280000000000000   -0.094084938865693
 6.285000000000000   -0.093936645066990
 6.290000000000000   -0.093759321979396
 6.295000000000000   -0.093553094590202
 6.300000000000000   -0.093318085604937
 6.305000000000000   -0.093054415471741
 6.310000000000001   -0.092762202409944
 6.315000000000000   -0.092441562442670
 6.320000000000000   -0.092092609433339
 6.325000000000000   -0.091715455125925
 6.330000000000000   -0.091310209188831
 6.335000000000000   -0.090876979262269
 6.340000000000000   -0.090415871009017
 6.345000000000000   -0.089926988168454
 6.350000000000001   -0.089410432613765
 6.355000000000000   -0.088866304412206
 6.360000000000000   -0.088294701888366
 6.365000000000000   -0.087695721690306
 6.370000000000000   -0.087069458858511
 6.375000000000000   -0.086416006897574
 6.380000000000000   -0.085735457850541
 6.385000000000000   -0.085027902375843
 6.390000000000000   -0.084293429826746
 6.395000000000000   -0.083532128333276
 6.400000000000000   -0.082744084886530
 6.405000000000000   -0.081929385425350
 6.410000000000000   -0.081088114925277
 6.415000000000000   -0.080220357489761
 6.420000000000000   -0.079326196443560
 6.425000000000000   -0.078405714428288
 6.430000000000000   -0.077458993500070
 6.435000000000001   -0.076486115229256
 6.440000000000000   -0.075487160802165
 6.445000000000000   -0.074462211124791
 6.450000000000000   -0.073411346928467
 6.455000000000000   -0.072334648877426
 6.460000000000000   -0.071232197678216
 6.465000000000000   -0.070104074190954
 6.470000000000000   -0.068950359542359
 6.475000000000001   -0.067771135240537
 6.480000000000000   -0.066566483291473
 6.485000000000000   -0.065336486317203
 6.490000000000000   -0.064081227675608
 6.495000000000000   -0.062800791581807
 6.500000000000000   -0.061495263231097
 6.505000000000000   -0.060164728923402
 6.510000000000000   -0.058809276189182
 6.515000000000000   -0.057428993916756
 6.520000000000000   -0.056023972481005
 6.525000000000000   -0.054594303873379
 6.530000000000000   -0.053140081833188
 6.535000000000000   -0.051661401980087
 6.540000000000000   -0.050158361947735
 6.545000000000000   -0.048631061518541
 6.550000000000000   -0.047079602759446
 6.555000000000000   -0.045504090158681
 6.560000000000001   -0.043904630763416
 6.565000000000000   -0.042281334318255
 6.570000000000000   -0.040634313404469
 6.575000000000000   -0.038963683579921
 6.580000000000000   -0.037269563519582
 6.585000000000000   -0.035552075156553
 6.590000000000000   -0.033811343823518
 6.595000000000000   -0.032047498394510
 6.600000000000001   -0.030260671426923
 6.605000000000000   -0.028450999303641
 6.610000000000000   -0.026618622375186
 6.615000000000000   -0.024763685101792
 6.620000000000000   -0.022886336195262
 6.625000000000000   -0.020986728760505
 6.630000000000000   -0.019065020436635
 6.635000000000000   -0.017121373537477
 6.640000000000000   -0.015155955191381
 6.645000000000000   -0.013168937480183
 6.650000000000000   -0.011160497577168
 6.655000000000000   -0.009130817883908
 6.660000000000000   -0.007080086165806
 6.665000000000000   -0.005008495686190
 6.670000000000000   -0.002916245338801
 6.675000000000000   -0.000803539778509
 6.680000000000000    0.001329410449921
 6.685000000000001    0.003482388785180
 6.690000000000000    0.005655172525062
 6.695000000000000    0.007847532704611
 6.700000000000000    0.010059233976918
 6.705000000000000    0.012290034496806
 6.710000000000000    0.014539685807557
 6.715000000000000    0.016807932730903
 6.720000000000000    0.019094513260496
 6.725000000000001    0.021399158459024
 6.730000000000000    0.023721592359223
 6.735000000000000    0.026061531868978
 6.740000000000000    0.028418686680727
 6.745000000000000    0.030792759185391
 6.750000000000000    0.033183444391044
 6.755000000000000    0.035590429846550
 6.760000000000000    0.038013395570382
 6.765000000000000    0.040452013984846
 6.770000000000000    0.042905949855949
 6.775000000000000    0.045374860239087
 6.780000000000000    0.047858394430855
 6.785000000000000    0.050356193927111
 6.790000000000000    0.052867892387589
 6.795000000000000    0.055393115607226
 6.800000000000000    0.057931481494456
 6.805000000000000    0.060482600056661
 6.810000000000001    0.063046073393005
 6.815000000000000    0.065621495694837
 6.820000000000000    0.068208453253899
 6.825000000000000    0.070806524478478
 6.830000000000000    0.073415279917764
 6.835000000000000    0.076034282294540
 6.840000000000000    0.078663086546409
 6.845000000000000    0.081301239875717
 6.850000000000001    0.083948281808346
 6.855000000000000    0.086603744261513
 6.860000000000000    0.089267151620731
 6.865000000000000    0.091938020826062
 6.870000000000000    0.094615861467779
 6.875000000000000    0.097300175891551
 6.880000000000000    0.099990459313254
 6.885000000000000    0.102686199943492
 6.890000000000000    0.105386879121894
 6.895000000000000    0.108091971461249
 6.900000000000000    0.110800945001543
 6.905000000000000    0.113513261373895
 6.910000000000000    0.116228375974430
 6.915000000000000    0.118945738148070
 6.920000000000000    0.121664791382258
 6.925000000000000    0.124384973510525
 6.930000000000000    0.127105716925910
 6.935000000000001    0.129826448804103
 6.940000000000000    0.132546591336279
 6.945000000000000    0.135265561971458
 6.950000000000000    0.137982773668327
 6.955000000000000    0.140697635156316
 6.960000000000000    0.143409551205819
 6.965000000000000    0.146117922907344
 6.970000000000000    0.148822147959393
 6.975000000000001    0.151521620964875
 6.980000000000000    0.154215733735750
 6.985000000000000    0.156903875605744
 6.990000000000000    0.159585433750729
 6.995000000000000    0.162259793516586
 7.000000000000000    0.164926338754148
 7.005000000000000    0.167771993663238
 7.010000000000000    0.170627944099566
 7.015000000000000    0.173493646229488
 7.020000000000000    0.176368532014459
 7.025000000000000    0.179252008752548
 7.030000000000000    0.182143458636334
 7.035000000000000    0.185042238329328
 7.040000000000000    0.187947678563176
 7.045000000000000    0.190859083757997
 7.050000000000000    0.193775731668300
 7.055000000000000    0.196696873057047
 7.060000000000001    0.199621731400492
 7.065000000000000    0.202549502626566
 7.070000000000000    0.205479354889607
 7.075000000000000    0.208410428384371
 7.080000000000000    0.211341835202304
 7.085000000000000    0.214272659233141
 7.090000000000000    0.217201956114951
 7.095000000000000    0.220128753235804
 7.100000000000001    0.223052049790276
 7.105000000000000    0.225970816894027
 7.110000000000000    0.228883997759741
 7.115000000000000    0.231790507937652
 7.120000000000000    0.234689235623945
 7.125000000000000    0.237579042040223
 7.130000000000000    0.240458761887225
 7.135000000000000    0.243327203875887
 7.140000000000000    0.246183151338772
 7.145000000000000    0.249025362924750
 7.150000000000000    0.251852573379694
 7.155000000000000    0.254663494415817
 7.160000000000000    0.257456815672027
 7.165000000000000    0.260231205767547
 7.170000000000000    0.262985313450724
 7.175000000000000    0.265717768844749
 7.180000000000000    0.268427184791670
 7.185000000000001    0.271112158295778
 7.190000000000000    0.273771272067066
 7.195000000000000    0.276403096165114
 7.200000000000000    0.279006189743288
 7.205000000000000    0.281579102892753
 7.210000000000000    0.284120378585291
 7.215000000000000    0.286628554713440
 7.220000000000000    0.289102166225945
 7.225000000000001    0.291539747355979
 7.230000000000000    0.293939833939010
 7.235000000000000    0.296300965816646
 7.240000000000000    0.298621689322146
 7.245000000000000    0.300900559842742
 7.250000000000000    0.303136144453252
 7.255000000000000    0.305327024614877
 7.260000000000000    0.307471798932451
 7.265000000000000    0.309569085962800
 7.270000000000000    0.311617527066292
 7.275000000000000    0.313615789293031
 7.280000000000000    0.315562568294637
 7.285000000000000    0.317456591251975
 7.290000000000000    0.319296619808729
 7.295000000000000    0.321081453000223
 7.300000000000000    0.322809930166482
 7.305000000000000    0.324480933838161
 7.310000000000001    0.326093392583622
 7.315000000000000    0.327646283805221
 7.320000000000000    0.329138636472643
 7.325000000000000    0.330569533781000
 7.330000000000000    0.331938115721373
 7.335000000000000    0.333243581551481
 7.340000000000000    0.334485192154293
 7.345000000000000    0.335662272272546
 7.350000000000001    0.336774212607453
 7.355000000000000    0.337820471770196
 7.360000000000000    0.338800578075269
 7.365000000000000    0.339714131165246
 7.370000000000000    0.340560803457174
 7.375000000000000    0.341340341401455
 7.380000000000000    0.342052566544872
 7.385000000000000    0.342697376390242
 7.390000000000000    0.343274745046083
 7.395000000000000    0.343784723660653
 7.400000000000000    0.344227440635754
 7.405000000000000    0.344603101616753
 7.410000000000000    0.344911989256388
 7.415000000000000    0.345154462751096
 7.420000000000000    0.345330957149727
 7.425000000000000    0.345441982435728
 7.430000000000000    0.345488122385063
 7.435000000000001    0.345470033203296
 7.440000000000000    0.345388441946467
 7.445000000000000    0.345244144731496
 7.450000000000000    0.345038004743012
 7.455000000000000    0.344770950044509
 7.460000000000000    0.344443971202817
 7.465000000000000    0.344058118735774
 7.470000000000000    0.343614500393927
 7.475000000000001    0.343114278287870
 7.480000000000000    0.342558665873590
 7.485000000000000    0.341948924808854
 7.490000000000000    0.341286361694198
 7.495000000000000    0.340572324712618
 7.500000000000000    0.339808200182375
 7.505000000000000    0.338995409037672
 7.510000000000000    0.338135403252118
 7.515000000000000    0.337229662219995
 7.520000000000000    0.336279689110358
 7.525000000000000    0.335287007208891
 7.530000000000000    0.334253156262284
 7.535000000000000    0.333179688839619
 7.540000000000000    0.332068166724904
 7.545000000000000    0.330920157354518
 7.550000000000000    0.329737230312778
 7.555000000000000    0.328520953898365
 7.560000000000001    0.327272891773672
 7.565000000000000    0.325994599708538
 7.570000000000000    0.324687622429094
 7.575000000000000    0.323353490581748
 7.580000000000000    0.321993717821537
 7.585000000000000    0.320609798033316
 7.590000000000000    0.319203202693462
 7.595000000000000    0.317775378378914
 7.600000000000001    0.316327744429622
 7.605000000000000    0.314861690769622
 7.610000000000000    0.313378575891160
 7.615000000000000    0.311879725005532
 7.620000000000000    0.310366428363488
 7.625000000000000    0.308839939747335
 7.630000000000000    0.307301475136124
 7.635000000000000    0.305752211544639
 7.640000000000000    0.304193286036189
 7.645000000000000    0.302625794908607
 7.650000000000000    0.301050793052228
 7.655000000000000    0.299469293478050
 7.660000000000000    0.297882267013716
 7.665000000000000    0.296290642164468
 7.670000000000000    0.294695305135677
 7.675000000000000    0.293097100013153
 7.680000000000000    0.291496829096903
 7.685000000000001    0.289895253383653
 7.690000000000000    0.288293093192947
 7.695000000000000    0.286691028931255
 7.700000000000000    0.285089701988071
 7.705000000000000    0.283489715757527
 7.710000000000000    0.281891636778599
 7.715000000000000    0.280295995986420
 7.720000000000000    0.278703290066705
 7.725000000000001    0.277113982904606
 7.730000000000000    0.275528507118634
 7.735000000000000    0.273947265669423
 7.740000000000000    0.272370633532173
 7.745000000000000    0.270798959420472
 7.750000000000000    0.269232567547892
 7.755000000000000    0.267671759412235
 7.760000000000000    0.266116815585470
 7.765000000000000    0.264567997490338
 7.770000000000000    0.263025549142109
 7.775000000000000    0.261489698831104
 7.780000000000000    0.259960660718248
 7.785000000000000    0.258438636312024
 7.790000000000000    0.256923815790684
 7.795000000000000    0.255416379128382
 7.800000000000000    0.253916496977929
 7.805000000000000    0.252424331256035
 7.810000000000001    0.250940035369151
 7.815000000000000    0.249463754009297
 7.820000000000000    0.247995622439414
 7.825000000000000    0.246535765176919
 7.830000000000000    0.245084293972133
 7.835000000000000    0.243641304965298
 7.840000000000000    0.242206874892010
 7.845000000000000    0.240781056192454
 7.850000000000001    0.239363870865105
 7.855000000000000    0.237955302891287
 7.860000000000000    0.236555289043849
 7.865000000000000    0.235163707882573
 7.870000000000000    0.233780366732091
 7.875000000000000    0.232404986437330
 7.880000000000000    0.231037183699216
 7.885000000000000    0.229676450812875
 7.890000000000000    0.228322132665815
 7.895000000000000    0.226973400909161
 7.900000000000000    0.225629225296345
 7.905000000000000    0.224288342296607
 7.910000000000000    0.222949221241386
 7.915000000000000    0.221610028456020
 7.920000000000000    0.220268590072090
 7.925000000000000    0.218922354509789
 7.930000000000000    0.217568355964186
 7.935000000000001    0.216203180617687
 7.940000000000000    0.214822937719538
 7.945000000000000    0.213423238098082
 7.950000000000000    0.211999183067037
 7.955000000000000    0.210545367004557
 7.960000000000000    0.209055897061592
 7.965000000000000    0.207524433421915
 7.970000000000000    0.205944253213382
 7.975000000000001    0.204308340486371
 7.980000000000000    0.202609503577157
 7.985000000000000    0.200840519641883
 7.990000000000000    0.198994304213685
 7.995000000000000    0.197064101400654
 8.000000000000000    0.195043687979462
 8.004999999999999    0.192927582391386
 8.010000000000000    0.190711247806096
 8.015000000000001    0.188391277287263
 8.020000000000000    0.185965548937485
 8.025000000000000    0.183433339888955
 8.030000000000001    0.180795390169822
 8.035000000000000    0.178053910674808
 8.039999999999999    0.175212533397927
 8.045000000000000    0.172276206314194
 8.050000000000001    0.169251039335297
 8.055000000000000    0.166144111143196
 8.060000000000001    0.162963249058186
 8.065000000000001    0.159716795214965
 8.070000000000000    0.156413372174066
 8.074999999999999    0.153061659829096
 8.080000000000000    0.149670193352238
 8.085000000000001    0.146247189290061
 8.090000000000000    0.142800404124961
 8.094999999999999    0.139337026957074
 8.100000000000001    0.135863605663369
 8.105000000000000    0.132386004090917
 8.109999999999999    0.128909386590264
 8.115000000000000    0.125438225472501
 8.120000000000001    0.121976326710976
 8.125000000000000    0.118526869310324
 8.129999999999999    0.115092454127797
 8.135000000000000    0.111675158457180
 8.140000000000001    0.108276593290507
 8.145000000000000    0.104897960792488
 8.150000000000000    0.101540110110956
 8.155000000000001    0.098203590174395
 8.160000000000000    0.094888698579665
 8.164999999999999    0.091595526044391
 8.170000000000000    0.088323996191959
 8.175000000000001    0.085073900659362
 8.180000000000000    0.081844929679076
 8.185000000000001    0.078636698395820
 8.190000000000001    0.075448769247608
 8.195000000000000    0.072280670777018
 8.199999999999999    0.069131913251332
 8.205000000000000    0.066002001465549
 8.210000000000001    0.062890445085893
 8.215000000000000    0.059796766867465
 8.219999999999999    0.056720509051413
 8.225000000000001    0.053661238216851
 8.230000000000000    0.050618548832373
 8.234999999999999    0.047592065722604
 8.240000000000000    0.044581445637675
 8.245000000000001    0.041586378087983
 8.250000000000000    0.038606585583538
 8.254999999999999    0.035641823396642
 8.260000000000000    0.032691878948404
 8.265000000000001    0.029756570903595
 8.270000000000000    0.026835748044573
 8.275000000000000    0.023929287982982
 8.280000000000001    0.021037095757720
 8.285000000000000    0.018159102358918
 8.289999999999999    0.015295263210240
 8.295000000000000    0.012445556635612
 8.300000000000001    0.009609982331177
 8.305000000000000    0.006788559858885
 8.310000000000001    0.003981327174501
 8.315000000000001    0.001188339199744
 8.320000000000000   -0.001590333554229
 8.324999999999999   -0.004354606306837
 8.330000000000000   -0.007104381268076
 8.335000000000001   -0.009839548836407
 8.340000000000000   -0.012559988733488
 8.344999999999999   -0.015265571075608
 8.350000000000001   -0.017956157382335
 8.355000000000000   -0.020631601523471
 8.359999999999999   -0.023291750605814
 8.365000000000000   -0.025936445801488
 8.370000000000001   -0.028565523119910
 8.375000000000000   -0.031178814125554
 8.379999999999999   -0.033776146603810
 8.385000000000000   -0.036357345177280
 8.390000000000001   -0.038922231874880
 8.395000000000000   -0.041470626656115
 8.400000000000000   -0.044002347892869
 8.405000000000001   -0.046517212810979
 8.410000000000000   -0.049015037893851
 8.414999999999999   -0.051495639250275
 8.420000000000000   -0.053958832948533
 8.425000000000001   -0.056404435318809
 8.430000000000000   -0.058832263225846
 8.435000000000001   -0.061242134313694
 8.440000000000001   -0.063633867224320
 8.445000000000000   -0.066007281791767
 8.449999999999999   -0.068362199213465
 8.455000000000000   -0.070698442200226
 8.460000000000001   -0.073015835106372
 8.465000000000000   -0.075314204041376
 8.469999999999999   -0.077593376964313
 8.475000000000001   -0.079853183762373
 8.480000000000000   -0.082093456314585
 8.484999999999999   -0.084314028541897
 8.490000000000000   -0.086514736444625
 8.495000000000001   -0.088695418128279
 8.500000000000000   -0.090855913818715
 8.504999999999999   -0.092996065867491
 8.510000000000000   -0.095115718748259
 8.515000000000001   -0.097214719044999
 8.520000000000000   -0.099292915432846
 8.525000000000000   -0.101350158652206
 8.530000000000001   -0.103386301476842
 8.535000000000000   -0.105401198676555
 8.539999999999999   -0.107394706975074
 8.545000000000000   -0.109366685003700
 8.550000000000001   -0.111316993251252
 8.555000000000000   -0.113245494010816
 8.560000000000001   -0.115152051323791
 8.565000000000001   -0.117036530921653
 8.570000000000000   -0.118898800165896
 8.574999999999999   -0.120738727986545
 8.580000000000000   -0.122556184819616
 8.585000000000001   -0.124351042543905
 8.590000000000000   -0.126123174417437
 8.594999999999999   -0.127872455013907
 8.600000000000001   -0.129598760159427
 8.605000000000000   -0.131301966869861
 8.609999999999999   -0.132981953289050
 8.615000000000000   -0.134638598628171
 8.620000000000003   -0.136271783106491
 8.625000000000000   -0.137881387893763
 8.629999999999997   -0.139467295054489
 8.635000000000000   -0.141029387494258
 8.640000000000001   -0.142567548908384
 8.645000000000000   -0.144081663733036
 8.650000000000000   -0.145571617099046
 8.655000000000001   -0.147037294788578
 8.660000000000000   -0.148478583194841
 8.664999999999999   -0.149895369284998
 8.670000000000000   -0.151287540566437
 8.675000000000001   -0.152654985056558
 8.680000000000000   -0.153997591256224
 8.685000000000001   -0.155315248127007
 8.690000000000001   -0.156607845072371
 8.695000000000000   -0.157875271922922
 8.699999999999999   -0.159117418925848
 8.705000000000000   -0.160334176738666
 8.710000000000001   -0.161525436427387
 8.715000000000000   -0.162691089469224
 8.719999999999999   -0.163831027759929
 8.725000000000001   -0.164945143625874
 8.730000000000000   -0.166033329840960
 8.734999999999999   -0.167095479648468
 8.740000000000000   -0.168131486787906
 8.745000000000003   -0.169141245526972
 8.750000000000000   -0.170124650698680
 8.754999999999997   -0.171081597743750
 8.760000000000000   -0.172011982758313
 8.765000000000001   -0.172915702547003
 8.770000000000000   -0.173792654681504
 8.775000000000000   -0.174642737564593
 8.780000000000001   -0.175465850499741
 8.785000000000000   -0.176261893766307
 8.789999999999999   -0.177030768700382
 8.795000000000000   -0.177772377781295
 8.800000000000001   -0.178486624723818
 8.805000000000000   -0.179173414576100
 8.810000000000001   -0.179832653823329
 8.815000000000001   -0.180464250497140
 8.820000000000000   -0.181068114290760
 8.824999999999999   -0.181644156679900
 8.830000000000000   -0.182192291049352
 8.835000000000001   -0.182712432825293
 8.840000000000000   -0.183204499613245
 8.844999999999999   -0.183668411341654
 8.850000000000001   -0.184104090411049
 8.855000000000000   -0.184511461848690
 8.859999999999999   -0.184890453468667
 8.865000000000000   -0.185240996037341
 8.870000000000003   -0.185563023444040
 8.875000000000000   -0.185856472876917
 8.879999999999997   -0.186121285003825
 8.885000000000000   -0.186357404158104
 8.890000000000001   -0.186564778529118
 8.895000000000000   -0.186743360357397
 8.900000000000000   -0.186893106134201
 8.905000000000001   -0.187013976805325
 8.910000000000000   -0.187105937978956
 8.914999999999999   -0.187168960137345
 8.920000000000000   -0.187203018852085
 8.925000000000001   -0.187208095002728
 8.930000000000000   -0.187184174998507
 8.935000000000001   -0.187131251002854
 8.940000000000001   -0.187049321160448
 8.945000000000000   -0.186938389826463
 8.949999999999999   -0.186798467797700
 8.955000000000000   -0.186629572545256
 8.960000000000001   -0.186431728448375
 8.965000000000000   -0.186204967029098
 8.969999999999999   -0.185949327187324
 8.975000000000001   -0.185664855435871
 8.980000000000000   -0.185351606135120
 8.984999999999999   -0.185009641726788
 8.990000000000000   -0.184639032966388
 8.995000000000003   -0.184239859153897
 9.000000000000000   -0.183812208362150
 9.004999999999997   -0.183356177662463
 9.010000000000000   -0.182871873346973
 9.015000000000001   -0.182359411147163
 9.020000000000000   -0.181818916448052
 9.025000000000000   -0.181250524497488
 9.030000000000001   -0.180654380610001
 9.035000000000000   -0.180030640364640
 9.039999999999999   -0.179379469796235
 9.045000000000000   -0.178701045579497
 9.050000000000001   -0.177995555205374
 9.055000000000000   -0.177263197149086
 9.060000000000001   -0.176504181029243
 9.065000000000001   -0.175718727757461
 9.070000000000000   -0.174907069677891
 9.074999999999999   -0.174069450696084
 9.080000000000000   -0.173206126396599
 9.085000000000001   -0.172317364148803
 9.090000000000000   -0.171403443200283
 9.094999999999999   -0.170464654757341
 9.100000000000001   -0.169501302052005
 9.105000000000000   -0.168513700395067
 9.109999999999999   -0.167502177214614
 9.115000000000000   -0.166467072079579
 9.120000000000003   -0.165408736707853
 9.125000000000000   -0.164327534958499
 9.129999999999997   -0.163223842807671
 9.135000000000000   -0.162098048307832
 9.140000000000001   -0.160950551529937
 9.145000000000000   -0.159781764488228
 9.150000000000000   -0.158592111047362
 9.155000000000001   -0.157382026811627
 9.160000000000000   -0.156151958996006
 9.164999999999999   -0.154902366278918
 9.170000000000000   -0.153633718636512
 9.175000000000001   -0.152346497158396
 9.180000000000000   -0.151041193844768
 9.185000000000001   -0.149718311384937
 9.190000000000001   -0.148378362917275
 9.195000000000000   -0.147021871770696
 9.199999999999999   -0.145649371187785
 9.205000000000000   -0.144261404029789
 9.210000000000001   -0.142858522463683
 9.215000000000000   -0.141441287631612
 9.219999999999999   -0.140010269303046
 9.225000000000001   -0.138566045510029
 9.230000000000000   -0.137109202165980
 9.234999999999999   -0.135640332668495
 9.240000000000000   -0.134160037486736
 9.245000000000003   -0.132668923733949
 9.250000000000000   -0.131167604725775
 9.254999999999997   -0.129656699525002
 9.260000000000000   -0.128136832473499
 9.265000000000001   -0.126608632712095
 9.270000000000000   -0.125072733689191
 9.275000000000000   -0.123529772658959
 9.280000000000001   -0.121980390170001
 9.285000000000000   -0.120425229545384
 9.289999999999999   -0.118864936354982
 9.295000000000000   -0.117300157881100
 9.300000000000001   -0.115731542578377
 9.305000000000000   -0.114159739528974
 9.310000000000001   -0.112585397894091
 9.315000000000001   -0.111009166362852
 9.320000000000000   -0.109431692599634
 9.324999999999999   -0.107853622690882
 9.330000000000000   -0.106275600592521
 9.335000000000001   -0.104698267579007
 9.340000000000000   -0.103122261695106
 9.344999999999999   -0.101548217211466
 9.350000000000001   -0.099976764085037
 9.355000000000000   -0.098408527425388
 9.359999999999999   -0.096844126967936
 9.365000000000000   -0.095284176555116
 9.370000000000003   -0.093729283626456
 9.375000000000000   -0.092180048718535
 9.379999999999997   -0.090637064975727
 9.385000000000000   -0.089100917672667
 9.390000000000001   -0.087572183749261
 9.395000000000000   -0.086051431359087
 9.400000000000000   -0.084539219431972
 9.405000000000001   -0.083036097251474
 9.410000000000000   -0.081542604047978
 9.414999999999999   -0.080059268608056
 9.420000000000000   -0.078586608900686
 9.425000000000001   -0.077125131720896
 9.430000000000000   -0.075675332351333
 9.435000000000001   -0.074237694242204
 9.440000000000001   -0.072812688709992
 9.445000000000000   -0.071400774655306
 9.449999999999999   -0.070002398300135
 9.455000000000000   -0.068617992944779
 9.460000000000001   -0.067247978744612
 9.465000000000000   -0.065892762506843
 9.469999999999999   -0.064552737507333
 9.475000000000001   -0.063228283327525
 9.480000000000000   -0.061919765711448
 9.484999999999999   -0.060627536442735
 9.490000000000000   -0.059351933241547
 9.495000000000003   -0.058093279681226
 9.500000000000000   -0.056851885124490
 9.504999999999997   -0.055628044678890
 9.510000000000000   -0.054422039171273
 9.515000000000001   -0.053234135140891
 9.520000000000000   -0.052064584850795
 9.525000000000000   -0.050913626317123
 9.530000000000001   -0.049781483355816
 9.535000000000000   -0.048668365646335
 9.539999999999999   -0.047574468811834
 9.545000000000000   -0.046499974515306
 9.550000000000001   -0.045445050571135
 9.555000000000000   -0.044409851071491
 9.560000000000001   -0.043394516526978
 9.565000000000001   -0.042399174020936
 9.570000000000000   -0.041423937376780
 9.574999999999999   -0.040468907337726
 9.580000000000000   -0.039534171758306
 9.585000000000001   -0.038619805806973
 9.590000000000000   -0.037725872179188
 9.594999999999999   -0.036852421320301
 9.600000000000001   -0.035999491657594
 9.605000000000000   -0.035167109840809
 9.609999999999999   -0.034355290990520
 9.615000000000000   -0.033564038953700
 9.620000000000003   -0.032793346565829
 9.625000000000000   -0.032043195918922
 9.629999999999997   -0.031313558634845
 9.635000000000000   -0.030604396143292
 9.640000000000001   -0.029915659963853
 9.645000000000000   -0.029247291991536
 9.650000000000000   -0.028599224785212
 9.655000000000001   -0.027971381858390
 9.660000000000000   -0.027363677971796
 9.664999999999999   -0.026776019427226
 9.670000000000000   -0.026208304362151
 9.675000000000001   -0.025660423044600
 9.680000000000000   -0.025132258167840
 9.685000000000001   -0.024623685144393
 9.690000000000001   -0.024134572398977
 9.695000000000000   -0.023664781659928
 9.699999999999999   -0.023214168248736
 9.705000000000000   -0.022782581367312
 9.710000000000001   -0.022369864382622
 9.715000000000000   -0.021975855108373
 9.719999999999999   -0.021600386083427
 9.725000000000001   -0.021243284846649
 9.730000000000000   -0.020904374207928
 9.734999999999999   -0.020583472515096
 9.740000000000000   -0.020280393916532
 9.745000000000003   -0.019994948619222
 9.750000000000000   -0.019726943142080
 9.754999999999997   -0.019476180564357
 9.760000000000000   -0.019242460768960
 9.765000000000001   -0.019025580680560
 9.770000000000000   -0.018825334498335
 9.775000000000000   -0.018641513923256
 9.780000000000001   -0.018473908379807
 9.785000000000000   -0.018322305232059
 9.789999999999999   -0.018186489994037
 9.795000000000000   -0.018066246534317
 9.800000000000001   -0.017961357274814
 9.805000000000000   -0.017871603383737
 9.810000000000001   -0.017796764962690
 9.815000000000001   -0.017736621227918
 9.820000000000000   -0.017690950685693
 9.824999999999999   -0.017659531301872
 9.830000000000000   -0.017642140665640
 9.835000000000001   -0.017638556147470
 9.840000000000000   -0.017648555051356
 9.844999999999999   -0.017671914761357
 9.850000000000001   -0.017708412882513
 9.855000000000000   -0.017757827376203
 9.859999999999999   -0.017819936690000
 9.865000000000000   -0.017894519882127
 9.870000000000003   -0.017981356740562
 9.875000000000000   -0.018080227896909
 9.879999999999997   -0.018190914935102
 9.885000000000000   -0.018313200495056
 9.890000000000001   -0.018446868371350
 9.895000000000000   -0.018591703607046
 9.900000000000000   -0.018747492582754
 9.905000000000001   -0.018914023101044
 9.910000000000000   -0.019091084466317
 9.914999999999999   -0.019278467560236
 9.920000000000000   -0.019475964912841
 9.925000000000001   -0.019683370769456
 9.930000000000000   -0.019900481153493
 9.935000000000001   -0.020127093925280
 9.940000000000001   -0.020363008837018
 9.945000000000000   -0.020608027583979
 9.949999999999999   -0.020861953852070
 9.955000000000000   -0.021124593361865
 9.960000000000001   -0.021395753909220
 9.965000000000000   -0.021675245402585
 9.969999999999999   -0.021962879897130
 9.975000000000001   -0.022258471625774
 9.980000000000000   -0.022561837027255
 9.984999999999999   -0.022872794771316
 9.990000000000000   -0.023191165781145
 9.995000000000003   -0.023516773253143
10.000000000000000   -0.023849442674142
10.005000000000001   -0.024189001836172
10.010000000000000   -0.024535280848859
10.015000000000001   -0.024888112149576
10.020000000000000   -0.025247330511414
10.025000000000000   -0.025612773049095
10.029999999999999   -0.025984279222891
10.035000000000000   -0.026361690840653
10.039999999999999   -0.026744852058035
10.045000000000000   -0.027133609376988
10.050000000000001   -0.027527811642617
10.055000000000000   -0.027927310038477
10.060000000000000   -0.028331958080379
10.065000000000000   -0.028741611608797
10.070000000000000   -0.029156128779927
10.074999999999999   -0.029575370055493
10.080000000000000   -0.029999198191350
10.085000000000001   -0.030427478224963
10.090000000000000   -0.030860077461819
10.095000000000001   -0.031296865460836
10.100000000000000   -0.031737714018838
10.105000000000000   -0.032182497154137
10.109999999999999   -0.032631091089300
10.115000000000000   -0.033083374233132
10.120000000000003   -0.033539227161954
10.125000000000000   -0.033998532600196
10.130000000000001   -0.034461175400385
10.135000000000000   -0.034927042522549
10.140000000000001   -0.035396023013098
10.145000000000000   -0.035868007983218
10.150000000000000   -0.036342890586823
10.154999999999999   -0.036820565998100
10.160000000000000   -0.037300931388695
10.164999999999999   -0.037783885904563
10.170000000000000   -0.038269330642526
10.175000000000001   -0.038757168626578
10.180000000000000   -0.039247304783946
10.185000000000000   -0.039739645920976
10.190000000000000   -0.040234100698823
10.195000000000000   -0.040730579609028
10.199999999999999   -0.041228994948960
10.205000000000000   -0.041729260797181
10.210000000000001   -0.042231292988740
10.215000000000000   -0.042735009090432
10.220000000000001   -0.043240328376029
10.225000000000000   -0.043747171801516
10.230000000000000   -0.044255461980347
10.234999999999999   -0.044765123158741
10.240000000000000   -0.045276081191025
10.245000000000003   -0.045788263515064
10.250000000000000   -0.046301599127763
10.255000000000001   -0.046816018560690
10.260000000000000   -0.047331453855794
10.265000000000001   -0.047847838541272
10.270000000000000   -0.048365107607566
10.275000000000000   -0.048883197483515
10.279999999999999   -0.049402046012677
10.285000000000000   -0.049921592429814
10.289999999999999   -0.050441777337570
10.295000000000000   -0.050962542683335
10.300000000000001   -0.051483831736307
10.305000000000000   -0.052005589064768
10.310000000000000   -0.052527760513567
10.315000000000000   -0.053050293181826
10.320000000000000   -0.053573135400873
10.324999999999999   -0.054096236712399
10.330000000000000   -0.054619547846862
10.335000000000001   -0.055143020702124
10.340000000000000   -0.055666608322328
10.345000000000001   -0.056190264877035
10.350000000000000   -0.056713945640599
10.355000000000000   -0.057237606971801
10.359999999999999   -0.057761206293739
10.365000000000000   -0.058284702073973
10.370000000000003   -0.058808053804929
10.375000000000000   -0.059331221984568
10.380000000000001   -0.059854168097309
10.385000000000000   -0.060376854595221
10.390000000000001   -0.060899244879476
10.395000000000000   -0.061421303282062
10.400000000000000   -0.061942995047760
10.404999999999999   -0.062464286316391
10.410000000000000   -0.062985144105314
10.414999999999999   -0.063505536292197
10.420000000000000   -0.064025431598039
10.425000000000001   -0.064544799570460
10.430000000000000   -0.065063610567246
10.435000000000000   -0.065581835740155
10.440000000000000   -0.066099447018976
10.445000000000000   -0.066616417095846
10.449999999999999   -0.067132719409817
10.455000000000000   -0.067648328131675
10.460000000000001   -0.068163218149014
10.465000000000000   -0.068677365051550
10.470000000000001   -0.069190745116684
10.475000000000000   -0.069703335295310
10.480000000000000   -0.070215113197858
10.484999999999999   -0.070726057080584
10.490000000000000   -0.071236145832091
10.495000000000003   -0.071745358960084
10.500000000000000   -0.072253676578357
10.505000000000001   -0.072761079394013
10.510000000000000   -0.073267548694901
10.515000000000001   -0.073773066337285
10.520000000000000   -0.074277614733733
10.525000000000000   -0.074781176841218
10.529999999999999   -0.075283736149441
10.535000000000000   -0.075785276669365
10.539999999999999   -0.076285782921955
10.545000000000000   -0.076785239927134
10.550000000000001   -0.077283633192933
10.555000000000000   -0.077780948704850
10.560000000000000   -0.078277172915404
10.565000000000000   -0.078772292733887
10.570000000000000   -0.079266295516308
10.575000000000001   -0.079759169055528
10.580000000000000   -0.080250901571578
10.585000000000001   -0.080741481702173
10.590000000000000   -0.081230898493394
10.595000000000001   -0.081719141390559
10.600000000000000   -0.082206200229265
10.605000000000000   -0.082692065226607
10.609999999999999   -0.083176726972564
10.615000000000000   -0.083660176421559
10.620000000000003   -0.084142404884176
10.625000000000000   -0.084623404019046
10.630000000000001   -0.085103165824895
10.635000000000000   -0.085581682632737
10.640000000000001   -0.086058947098239
10.645000000000000   -0.086534952194225
10.650000000000000   -0.087009691203333
10.654999999999999   -0.087483157710822
10.660000000000000   -0.087955345597521
10.664999999999999   -0.088426249032919
10.670000000000000   -0.088895862468395
10.675000000000001   -0.089364180630588
10.680000000000000   -0.089831198514898
10.685000000000000   -0.090296911379120
10.690000000000000   -0.090761314737207
10.695000000000000   -0.091224404353165
10.700000000000001   -0.091686176235068
10.705000000000000   -0.092146626629198
10.710000000000001   -0.092605752014305
10.715000000000000   -0.093063549095988
10.720000000000001   -0.093520014801188
10.725000000000000   -0.093975146272798
10.730000000000000   -0.094428940864388
10.734999999999999   -0.094881396135030
10.740000000000000   -0.095332509844246
10.745000000000003   -0.095782279947043
10.750000000000000   -0.096230704589071
10.755000000000001   -0.096677782101871
10.760000000000000   -0.097123510998222
10.765000000000001   -0.097567889967598
10.770000000000000   -0.098010917871704
10.775000000000000   -0.098452593740125
10.779999999999999   -0.098892916766050
10.785000000000000   -0.099331886302099
10.789999999999999   -0.099769501856234
10.795000000000000   -0.100205763087756
10.800000000000001   -0.100640669803394
10.805000000000000   -0.101074221953468
10.810000000000000   -0.101506419628141
10.815000000000000   -0.101937263053754
10.820000000000000   -0.102366752589231
10.825000000000001   -0.102794888722567
10.830000000000000   -0.103221672067395
10.835000000000001   -0.103647103359622
10.840000000000000   -0.104071183454138
10.845000000000001   -0.104493913321599
10.850000000000000   -0.104915294045282
10.855000000000000   -0.105335326818001
10.859999999999999   -0.105754012939099
10.865000000000000   -0.106171353811500
10.870000000000003   -0.106587350938828
10.875000000000000   -0.107002005922588
10.880000000000001   -0.107415320459412
10.885000000000000   -0.107827296338359
10.890000000000001   -0.108237935438286
10.895000000000000   -0.108647239725261
10.900000000000000   -0.109055211250049
10.904999999999999   -0.109461852145646
10.910000000000000   -0.109867164624868
10.914999999999999   -0.110271150977992
10.920000000000000   -0.110673813570458
10.925000000000001   -0.111075154840610
10.930000000000000   -0.111475177297499
10.935000000000000   -0.111873883518728
10.940000000000000   -0.112271276148349
10.945000000000000   -0.112667357894802
10.950000000000001   -0.113062131528909
10.955000000000000   -0.113455599881907
10.960000000000001   -0.113847765843527
10.965000000000000   -0.114238632360115
10.970000000000001   -0.114628202432801
10.975000000000000   -0.115016479115702
10.980000000000000   -0.115403465514174
10.984999999999999   -0.115789164783096
10.990000000000000   -0.116173580125197
10.995000000000003   -0.116556714789426
11.000000000000000   -0.116938572069350
11.005000000000001   -0.117319155301595
11.010000000000000   -0.117698467864324
11.015000000000001   -0.118076513175743
11.020000000000000   -0.118453294692651
11.025000000000000   -0.118828815909016
11.029999999999999   -0.119203080354589
11.035000000000000   -0.119576091593545
11.039999999999999   -0.119947853223164
11.045000000000000   -0.120318368872535
11.050000000000001   -0.120687642201293
11.055000000000000   -0.121055676898386
11.060000000000000   -0.121422476680874
11.065000000000000   -0.121788045292747
11.070000000000000   -0.122152386503785
11.075000000000001   -0.122515504108433
11.080000000000000   -0.122877401924706
11.085000000000001   -0.123238083793125
11.090000000000000   -0.123597553575673
11.095000000000001   -0.123955815154775
11.100000000000000   -0.124312872432309
11.105000000000000   -0.124668729328636
11.109999999999999   -0.125023389781652
11.115000000000000   -0.125376857745869
11.120000000000003   -0.125729137191512
11.125000000000000   -0.126080232103639
11.130000000000001   -0.126430146481291
11.135000000000000   -0.126778884336647
11.140000000000001   -0.127126449694214
11.145000000000000   -0.127472846590033
11.150000000000000   -0.127818079070898
11.154999999999999   -0.128162151193602
11.160000000000000   -0.128505067024201
11.164999999999999   -0.128846830637292
11.170000000000000   -0.129187446115313
11.175000000000001   -0.129526917547861
11.180000000000000   -0.129865249031020
11.185000000000000   -0.130202444666718
11.190000000000000   -0.130538508562090
11.195000000000000   -0.130873444828860
11.200000000000001   -0.131207257582744
11.205000000000000   -0.131539950942860
11.210000000000001   -0.131871529031160
11.215000000000000   -0.132201995971872
11.220000000000001   -0.132531355890959
11.225000000000000   -0.132859612915592
11.230000000000000   -0.133186771173637
11.234999999999999   -0.133512834793154
11.240000000000000   -0.133837807901908
11.245000000000003   -0.134161694626900
11.250000000000000   -0.134484499093899
11.255000000000001   -0.134806225427000
11.260000000000000   -0.135126877748182
11.265000000000001   -0.135446460176884
11.270000000000000   -0.135764976829593
11.275000000000000   -0.136082431819440
11.279999999999999   -0.136398829255807
11.285000000000000   -0.136714173243953
11.289999999999999   -0.137028467884637
11.295000000000000   -0.137341717273760
11.300000000000001   -0.137653925502019
11.305000000000000   -0.137965096654565
11.310000000000000   -0.138275234810670
11.315000000000000   -0.138584344043414
11.320000000000000   -0.138892428419365
11.325000000000001   -0.139199491998282
11.330000000000000   -0.139505538832821
11.335000000000001   -0.139810572968249
11.340000000000000   -0.140114598442166
11.345000000000001   -0.140417619284241
11.350000000000000   -0.140719639515947
11.355000000000000   -0.141020663150312
11.359999999999999   -0.141320694191673
11.365000000000000   -0.141619736635439
11.370000000000003   -0.141917794467861
11.375000000000000   -0.142214871665809
11.380000000000001   -0.142510972196557
11.385000000000000   -0.142806100017575
11.390000000000001   -0.143100259076324
11.395000000000000   -0.143393453310064
11.400000000000000   -0.143685686645662
11.404999999999999   -0.143976962999411
11.410000000000000   -0.144267286276850
11.414999999999999   -0.144556660372598
11.420000000000000   -0.144845089170186
11.425000000000001   -0.145132576541896
11.430000000000000   -0.145419126348610
11.435000000000000   -0.145704742439663
11.440000000000000   -0.145989428652693
11.445000000000000   -0.146273188813513
11.450000000000001   -0.146556026735968
11.455000000000000   -0.146837946221816
11.460000000000001   -0.147118951060597
11.465000000000000   -0.147399045029522
11.470000000000001   -0.147678231893353
11.475000000000000   -0.147956515404298
11.480000000000000   -0.148233899301904
11.484999999999999   -0.148510387312958
11.490000000000000   -0.148785983151387
11.495000000000003   -0.149060690518170
11.500000000000000   -0.149334513101248
11.505000000000001   -0.149607454575437
11.510000000000000   -0.149879518602354
11.515000000000001   -0.150150708830331
11.520000000000000   -0.150421028894349
11.525000000000000   -0.150690482415965
11.529999999999999   -0.150959073003247
11.535000000000000   -0.151226804250708
11.539999999999999   -0.151493679739251
11.545000000000000   -0.151759703036109
11.550000000000001   -0.152024877694791
11.555000000000000   -0.152289207255036
11.560000000000000   -0.152552695242761
11.565000000000000   -0.152815345170020
11.570000000000000   -0.153077160534959
11.575000000000001   -0.153338144821780
11.580000000000000   -0.153598301500704
11.585000000000001   -0.153857634027936
11.590000000000000   -0.154116145845637
11.595000000000001   -0.154373840381891
11.600000000000000   -0.154630721050685
11.605000000000000   -0.154886791251879
11.609999999999999   -0.155142054371189
11.615000000000000   -0.155396513780166
11.620000000000003   -0.155650172836181
11.625000000000000   -0.155903034882404
11.630000000000001   -0.156155103247802
11.635000000000000   -0.156406381247118
11.640000000000001   -0.156656872180869
11.645000000000000   -0.156906579335334
11.650000000000000   -0.157155505982554
11.654999999999999   -0.157403655380327
11.660000000000000   -0.157651030772205
11.664999999999999   -0.157897635387497
11.670000000000000   -0.158143472441269
11.675000000000001   -0.158388545134351
11.680000000000000   -0.158632856653336
11.685000000000000   -0.158876410170595
11.690000000000000   -0.159119208844281
11.695000000000000   -0.159361255818337
11.700000000000001   -0.159602554222511
11.705000000000000   -0.159843107172369
11.710000000000001   -0.160082917769306
11.715000000000000   -0.160321989100563
11.720000000000001   -0.160560324239242
11.725000000000000   -0.160797926244330
11.730000000000000   -0.161034798160709
11.734999999999999   -0.161270943019184
11.740000000000000   -0.161506363836499
11.745000000000003   -0.161741063615364
11.750000000000000   -0.161975045344476
11.755000000000001   -0.162208311998543
11.760000000000000   -0.162440866538313
11.765000000000001   -0.162672711910597
11.770000000000000   -0.162903851048298
11.775000000000000   -0.163134286870443
11.779999999999999   -0.163364022282205
11.785000000000000   -0.163593060174939
11.789999999999999   -0.163821403426214
11.795000000000000   -0.164049054899839
11.800000000000001   -0.164276017445902
11.805000000000000   -0.164502293900800
11.810000000000000   -0.164727887087274
11.815000000000000   -0.164952799814447
11.820000000000000   -0.165177034877853
11.825000000000001   -0.165400595059480
11.830000000000000   -0.165623483127804
11.835000000000001   -0.165845701837826
11.840000000000000   -0.166067253931112
11.845000000000001   -0.166288142135833
11.850000000000000   -0.166508369166799
11.855000000000000   -0.166727937725505
11.859999999999999   -0.166946850500169
11.865000000000000   -0.167165110165772
11.870000000000003   -0.167382719384101
11.875000000000000   -0.167599680803790
11.880000000000001   -0.167815997060364
11.885000000000000   -0.168031670776280
11.890000000000001   -0.168246704560971
11.895000000000000   -0.168461101010890
11.900000000000000   -0.168674862709554
11.904999999999999   -0.168887992227587
11.910000000000000   -0.169100492122767
11.914999999999999   -0.169312364940070
11.920000000000000   -0.169523613211715
11.925000000000001   -0.169734239457211
11.930000000000000   -0.169944246183404
11.935000000000000   -0.170153635884517
11.940000000000000   -0.170362411042207
11.945000000000000   -0.170570574125603
11.950000000000001   -0.170778127591357
11.955000000000000   -0.170985073883691
11.960000000000001   -0.171191415434445
11.965000000000000   -0.171397154663124
11.970000000000001   -0.171602293976945
11.975000000000000   -0.171806835770888
11.980000000000000   -0.172010782427743
11.984999999999999   -0.172214136318157
11.990000000000000   -0.172416899800685
11.995000000000003   -0.172619075221837
12.000000000000000   -0.172820664916129
