 2.000000000000000   -0.483819560250397
 2.005000000000000   -0.483575033152532
 2.010000000000000   -0.483331102358535
 2.015000000000000   -0.483087764928604
 2.020000000000000   -0.482845018004277
 2.025000000000000   -0.482602858807380
 2.030000000000000   -0.482361284638994
 2.035000000000000   -0.482120292878436
 2.040000000000000   -0.481879880982265
 2.045000000000000   -0.481640046483295
 2.050000000000000   -0.481400786989634
 2.055000000000000   -0.481162100183736
 2.060000000000000   -0.480923983821464
 2.065000000000000   -0.480686435731182
 2.070000000000000   -0.480449453812846
 2.075000000000000   -0.480213036037127
 2.080000000000000   -0.479977180444533
 2.085000000000000   -0.479741885144558
 2.090000000000000   -0.479507148314842
 2.095000000000000   -0.479272968200338
 2.100000000000000   -0.479039343112505
 2.105000000000000   -0.478806271428506
 2.110000000000000   -0.478573751590421
 2.115000000000000   -0.478341782104474
 2.120000000000000   -0.478110361540274
 2.125000000000000   -0.477879488530065
 2.130000000000000   -0.477649161767994
 2.135000000000000   -0.477419380009384
 2.140000000000000   -0.477190142070024
 2.145000000000000   -0.476961446825469
 2.150000000000000   -0.476733293210354
 2.155000000000000   -0.476505680217711
 2.160000000000000   -0.476278606898308
 2.165000000000000   -0.476052072359994
 2.170000000000000   -0.475826075767049
 2.175000000000000   -0.475600616339555
 2.180000000000000   -0.475375693352767
 2.185000000000000   -0.475151306136505
 2.190000000000000   -0.474927454074541
 2.195000000000000   -0.474704136604012
 2.200000000000000   -0.474481353214831
 2.205000000000000   -0.474259103449112
 2.210000000000000   -0.474037386900599
 2.215000000000000   -0.473816203214115
 2.220000000000000   -0.473595552085006
 2.225000000000000   -0.473375433258604
 2.230000000000000   -0.473155846529693
 2.235000000000000   -0.472936791741985
 2.240000000000000   -0.472718268787605
 2.245000000000000   -0.472500277606581
 2.250000000000000   -0.472282818186345
 2.255000000000000   -0.472065890561240
 2.260000000000000   -0.471849494812035
 2.265000000000000   -0.471633631065445
 2.270000000000000   -0.471418299493665
 2.275000000000000   -0.471203500313903
 2.280000000000001   -0.470989233787923
 2.285000000000000   -0.470775500221597
 2.290000000000000   -0.470562299964461
 2.295000000000000   -0.470349633409279
 2.300000000000000   -0.470137500991613
 2.305000000000000   -0.469925903189398
 2.310000000000000   -0.469714840522526
 2.315000000000000   -0.469504313552431
 2.320000000000000   -0.469294322881689
 2.325000000000000   -0.469084869153613
 2.330000000000000   -0.468875953051863
 2.335000000000000   -0.468667575300052
 2.340000000000000   -0.468459736661369
 2.345000000000000   -0.468252437938200
 2.350000000000000   -0.468045679971751
 2.355000000000000   -0.467839463641686
 2.360000000000000   -0.467633789865764
 2.365000000000000   -0.467428659599481
 2.370000000000000   -0.467224073835716
 2.375000000000000   -0.467020033604386
 2.380000000000000   -0.466816539972105
 2.385000000000000   -0.466613594041839
 2.390000000000000   -0.466411196952580
 2.395000000000000   -0.466209349879011
 2.400000000000000   -0.466008054031184
 2.405000000000001   -0.465807310654199
 2.410000000000000   -0.465607121027886
 2.415000000000000   -0.465407486466490
 2.420000000000000   -0.465208408318370
 2.425000000000000   -0.465009887965684
 2.430000000000000   -0.464811926824099
 2.435000000000000   -0.464614526342483
 2.440000000000000   -0.464417688002617
 2.445000000000000   -0.464221413318906
 2.450000000000000   -0.464025703838086
 2.455000000000000   -0.463830561138949
 2.460000000000000   -0.463635986832056
 2.465000000000000   -0.463441982559463
 2.470000000000000   -0.463248549994447
 2.475000000000000   -0.463055690841236
 2.480000000000000   -0.462863406834740
 2.485000000000000   -0.462671699740290
 2.490000000000000   -0.462480571353369
 2.495000000000000   -0.462290023499362
 2.500000000000000   -0.462100058033291
 2.505000000000000   -0.461910676839570
 2.510000000000000   -0.461721881831746
 2.515000000000000   -0.461533674952257
 2.520000000000000   -0.461346058172182
 2.525000000000000   -0.461159033490998
 2.530000000000001   -0.460972602936341
 2.535000000000000   -0.460786768563765
 2.540000000000000   -0.460601532456505
 2.545000000000000   -0.460416896725243
 2.550000000000000   -0.460232863507876
 2.555000000000000   -0.460049434969284
 2.560000000000000   -0.459866613301104
 2.565000000000000   -0.459684400721499
 2.570000000000000   -0.459502799474937
 2.575000000000000   -0.459321811831968
 2.580000000000000   -0.459141440089000
 2.585000000000000   -0.458961686568079
 2.590000000000000   -0.458782553616676
 2.594999999999999   -0.458604043607464
 2.600000000000000   -0.458426158938107
 2.605000000000000   -0.458248902031045
 2.610000000000000   -0.458072275333283
 2.615000000000000   -0.457896281316179
 2.620000000000000   -0.457720922475233
 2.625000000000000   -0.457546201329882
 2.630000000000000   -0.457372120423290
 2.635000000000000   -0.457198682322144
 2.640000000000000   -0.457025889616445
 2.645000000000000   -0.456853744919310
 2.650000000000000   -0.456682250866761
 2.655000000000001   -0.456511410117533
 2.660000000000000   -0.456341225352862
 2.665000000000000   -0.456171699276291
 2.670000000000000   -0.456002834613468
 2.675000000000000   -0.455834634111948
 2.680000000000000   -0.455667100540993
 2.685000000000000   -0.455500236691375
 2.690000000000000   -0.455334045375178
 2.695000000000000   -0.455168529425600
 2.700000000000000   -0.455003691696760
 2.705000000000000   -0.454839535063500
 2.710000000000000   -0.454676062421187
 2.715000000000000   -0.454513276685521
 2.719999999999999   -0.454351180792337
 2.725000000000000   -0.454189777697411
 2.730000000000000   -0.454029070376268
 2.735000000000000   -0.453869061823980
 2.740000000000000   -0.453709755054980
 2.745000000000000   -0.453551153102859
 2.750000000000000   -0.453393259020177
 2.755000000000000   -0.453236075878264
 2.760000000000000   -0.453079606767028
 2.765000000000000   -0.452923854794758
 2.770000000000000   -0.452768823087928
 2.775000000000000   -0.452614514791001
 2.780000000000001   -0.452460933066234
 2.785000000000000   -0.452308081093479
 2.790000000000000   -0.452155962069990
 2.795000000000000   -0.452004579210219
 2.800000000000000   -0.451853935745622
 2.805000000000000   -0.451704034924461
 2.810000000000000   -0.451554880011600
 2.815000000000000   -0.451406474288308
 2.820000000000000   -0.451258821052058
 2.825000000000000   -0.451111923616322
 2.830000000000000   -0.450965785310372
 2.835000000000000   -0.450820409479073
 2.840000000000000   -0.450675799482683
 2.844999999999999   -0.450531958696641
 2.850000000000000   -0.450388890511364
 2.855000000000000   -0.450246598332039
 2.860000000000000   -0.450105085578413
 2.865000000000000   -0.449964355684582
 2.870000000000000   -0.449824412098781
 2.875000000000000   -0.449685258283170
 2.880000000000000   -0.449546897713620
 2.885000000000000   -0.449409333879494
 2.890000000000000   -0.449272570283436
 2.895000000000000   -0.449136610441146
 2.900000000000000   -0.449001457881162
 2.905000000000001   -0.448867116144636
 2.910000000000000   -0.448733588785115
 2.915000000000000   -0.448600879368306
 2.920000000000000   -0.448468991471858
 2.925000000000000   -0.448337928685124
 2.930000000000000   -0.448207694608937
 2.935000000000000   -0.448078292855369
 2.940000000000000   -0.447949727047501
 2.945000000000000   -0.447822000819182
 2.950000000000000   -0.447695117814788
 2.955000000000000   -0.447569081688983
 2.960000000000000   -0.447443896106470
 2.965000000000000   -0.447319564741749
 2.969999999999999   -0.447196091278860
 2.975000000000000   -0.447073479411137
 2.980000000000000   -0.446951732840950
 2.985000000000000   -0.446830855279449
 2.990000000000000   -0.446710850446301
 2.995000000000000   -0.446591722069430
 3.000000000000000   -0.446473473884747
 3.005000000000000   -0.446356109635886
 3.010000000000000   -0.446239633073927
 3.015000000000000   -0.446124047957124
 3.020000000000000   -0.446009358050623
 3.025000000000000   -0.445895567126186
 3.030000000000001   -0.445782678961898
 3.035000000000000   -0.445670697341886
 3.040000000000000   -0.445559626056024
 3.045000000000000   -0.445449468899635
 3.050000000000000   -0.445340229673195
 3.055000000000000   -0.445231912182030
 3.060000000000000   -0.445124520236006
 3.065000000000000   -0.445018057649221
 3.070000000000000   -0.444912528239691
 3.075000000000000   -0.444807935829026
 3.080000000000000   -0.444704284242113
 3.085000000000000   -0.444601577306785
 3.090000000000000   -0.444499818853491
 3.094999999999999   -0.444399012714958
 3.100000000000000   -0.444299162725850
 3.105000000000000   -0.444200272722426
 3.110000000000000   -0.444102346542186
 3.115000000000000   -0.444005388023518
 3.120000000000000   -0.443909401005335
 3.125000000000000   -0.443814389326714
 3.130000000000000   -0.443720356826524
 3.135000000000000   -0.443627307343046
 3.140000000000000   -0.443535244713600
 3.145000000000000   -0.443444172774152
 3.150000000000000   -0.443354095358924
 3.155000000000001   -0.443265016299996
 3.160000000000000   -0.443176939426901
 3.165000000000000   -0.443089868566217
 3.170000000000000   -0.443003807541148
 3.175000000000000   -0.442918760171106
 3.180000000000000   -0.442834730271278
 3.185000000000000   -0.442751721652192
 3.190000000000000   -0.442669738119276
 3.195000000000000   -0.442588783472409
 3.200000000000000   -0.442508861505466
 3.205000000000000   -0.442429976005853
 3.210000000000000   -0.442352130754038
 3.215000000000000   -0.442275329523074
 3.219999999999999   -0.442199576078116
 3.225000000000000   -0.442124874175923
 3.230000000000000   -0.442051227564362
 3.235000000000000   -0.441978639981900
 3.240000000000000   -0.441907115157084
 3.245000000000000   -0.441836656808016
 3.250000000000000   -0.441767268641824
 3.255000000000000   -0.441698954354112
 3.260000000000000   -0.441631717628418
 3.265000000000000   -0.441565562135643
 3.270000000000000   -0.441500491533493
 3.275000000000000   -0.441436509465890
 3.280000000000001   -0.441373619562388
 3.285000000000000   -0.441311825437573
 3.290000000000000   -0.441251130690456
 3.295000000000000   -0.441191538903852
 3.300000000000000   -0.441133053643749
 3.305000000000000   -0.441075678458673
 3.310000000000000   -0.441019416879031
 3.315000000000000   -0.440964272416452
 3.320000000000000   -0.440910248563110
 3.325000000000000   -0.440857348791042
 3.330000000000000   -0.440805576551450
 3.335000000000000   -0.440754935273985
 3.340000000000000   -0.440705428366035
 3.344999999999999   -0.440657059211982
 3.350000000000000   -0.440609831172457
 3.355000000000000   -0.440563747583579
 3.360000000000000   -0.440518811756180
 3.365000000000000   -0.440475026975015
 3.370000000000000   -0.440432396497963
 3.375000000000000   -0.440390923555206
 3.380000000000000   -0.440350611348397
 3.385000000000000   -0.440311463049816
 3.390000000000000   -0.440273481801506
 3.395000000000000   -0.440236670714393
 3.400000000000000   -0.440201032867395
 3.405000000000001   -0.440166571306507
 3.410000000000000   -0.440133289043879
 3.415000000000000   -0.440101189056866
 3.420000000000000   -0.440070274287067
 3.425000000000000   -0.440040547639346
 3.430000000000000   -0.440012011980834
 3.435000000000000   -0.439984670139908
 3.440000000000000   -0.439958524905158
 3.445000000000000   -0.439933579024329
 3.450000000000000   -0.439909835203243
 3.455000000000000   -0.439887296104709
 3.460000000000000   -0.439865964347395
 3.465000000000000   -0.439845842504700
 3.469999999999999   -0.439826933103583
 3.475000000000000   -0.439809238623386
 3.480000000000000   -0.439792761494626
 3.485000000000000   -0.439777504097764
 3.490000000000000   -0.439763468761954
 3.495000000000000   -0.439750657763762
 3.500000000000000   -0.439739073325862
 3.505000000000000   -0.439728717615713
 3.510000000000000   -0.439719592744196
 3.515000000000000   -0.439711700764239
 3.520000000000000   -0.439705043669403
 3.525000000000000   -0.439699623392446
 3.530000000000001   -0.439695441803859
 3.535000000000000   -0.439692500710367
 3.540000000000000   -0.439690801853406
 3.545000000000000   -0.439690346907566
 3.550000000000000   -0.439691137479002
 3.555000000000000   -0.439693175103817
 3.560000000000000   -0.439696461246405
 3.565000000000000   -0.439700997297771
 3.570000000000000   -0.439706784573800
 3.575000000000000   -0.439713824313511
 3.580000000000000   -0.439722117677258
 3.585000000000000   -0.439731665744902
 3.590000000000000   -0.439742469513944
 3.594999999999999   -0.439754529897619
 3.600000000000000   -0.439767847722948
 3.605000000000000   -0.439782423728755
 3.610000000000000   -0.439798258563638
 3.615000000000000   -0.439815352783895
 3.620000000000000   -0.439833706851414
 3.625000000000000   -0.439853321131511
 3.630000000000000   -0.439874195890729
 3.635000000000000   -0.439896331294583
 3.640000000000000   -0.439919727405261
 3.645000000000000   -0.439944384179279
 3.650000000000000   -0.439970301465078
 3.655000000000001   -0.439997479000579
 3.660000000000000   -0.440025916410673
 3.665000000000000   -0.440055613204672
 3.670000000000000   -0.440086568773691
 3.675000000000000   -0.440118782387983
 3.680000000000000   -0.440152253194208
 3.685000000000000   -0.440186980212653
 3.690000000000000   -0.440222962334378
 3.695000000000000   -0.440260198318310
 3.700000000000000   -0.440298686788273
 3.705000000000000   -0.440338426229940
 3.710000000000000   -0.440379414987736
 3.715000000000000   -0.440421651261657
 3.719999999999999   -0.440465133104030
 3.725000000000000   -0.440509858416190
 3.730000000000000   -0.440555824945094
 3.735000000000000   -0.440603030279851
 3.740000000000000   -0.440651471848176
 3.745000000000000   -0.440701146912769
 3.750000000000000   -0.440752052567605
 3.755000000000000   -0.440804185734151
 3.760000000000000   -0.440857543157481
 3.765000000000000   -0.440912121402321
 3.770000000000000   -0.440967916848992
 3.775000000000000   -0.441024925689266
 3.780000000000001   -0.441083143922123
 3.785000000000000   -0.441142567349419
 3.790000000000000   -0.441203191571444
 3.795000000000000   -0.441265011982386
 3.800000000000000   -0.441328023765689
 3.805000000000000   -0.441392221889299
 3.810000000000000   -0.441457601100810
 3.815000000000000   -0.441524155922483
 3.820000000000000   -0.441591880646167
 3.825000000000000   -0.441660769328084
 3.830000000000000   -0.441730815783506
 3.835000000000000   -0.441802013581299
 3.840000000000000   -0.441874356038347
 3.844999999999999   -0.441947836213835
 3.850000000000000   -0.442022446903406
 3.855000000000000   -0.442098180633178
 3.860000000000000   -0.442175029653618
 3.865000000000000   -0.442252985933274
 3.870000000000000   -0.442332041152350
 3.875000000000000   -0.442412186696146
 3.880000000000000   -0.442493413648319
 3.885000000000000   -0.442575712784005
 3.890000000000000   -0.442659074562759
 3.895000000000000   -0.442743489121338
 3.900000000000000   -0.442828946266306
 3.905000000000001   -0.442915435466460
 3.910000000000000   -0.443002945845077
 3.915000000000000   -0.443091466171973
 3.920000000000000   -0.443180984855369
 3.925000000000000   -0.443271489933561
 3.930000000000000   -0.443362969066387
 3.935000000000000   -0.443455409526489
 3.940000000000000   -0.443548798190359
 3.945000000000000   -0.443643121529172
 3.950000000000000   -0.443738365599389
 3.955000000000000   -0.443834516033135
 3.960000000000000   -0.443931558028337
 3.965000000000000   -0.444029476338625
 3.969999999999999   -0.444128255262983
 3.975000000000000   -0.444227878635141
 3.980000000000000   -0.444328329812711
 3.985000000000000   -0.444429591666053
 3.990000000000000   -0.444531646566865
 3.995000000000000   -0.444634476376491
 4.000000000000000   -0.444738062433940
 4.005000000000000   -0.444842385543601
 4.010000000000000   -0.444947425962663
 4.015000000000001   -0.445053163388214
 4.020000000000000   -0.445159576944020
 4.025000000000000   -0.445266645166973
 4.030000000000000   -0.445374345993201
 4.035000000000000   -0.445482656743830
 4.040000000000000   -0.445591554110388
 4.045000000000000   -0.445701014139843
 4.050000000000000   -0.445811012219264
 4.055000000000000   -0.445921523060095
 4.060000000000001   -0.446032520682034
 4.065000000000000   -0.446143978396506
 4.070000000000000   -0.446255868789712
 4.075000000000000   -0.446368163705260
 4.080000000000000   -0.446480834226340
 4.085000000000000   -0.446593850657468
 4.090000000000000   -0.446707182505741
 4.095000000000001   -0.446820798461642
 4.100000000000000   -0.446934666379333
 4.105000000000000   -0.447048753256461
 4.109999999999999   -0.447163025213446
 4.115000000000000   -0.447277447472234
 4.120000000000000   -0.447391984334513
 4.125000000000000   -0.447506599159376
 4.130000000000000   -0.447621254340399
 4.135000000000000   -0.447735911282144
 4.140000000000001   -0.447850530376057
 4.145000000000000   -0.447965070975741
 4.150000000000000   -0.448079491371605
 4.155000000000000   -0.448193748764849
 4.160000000000000   -0.448307799240795
 4.165000000000000   -0.448421597741516
 4.170000000000000   -0.448535098037775
 4.175000000000001   -0.448648252700226
 4.180000000000000   -0.448761013069893
 4.185000000000001   -0.448873329227865
 4.190000000000000   -0.448985149964228
 4.195000000000000   -0.449096422746184
 4.200000000000000   -0.449207093685356
 4.205000000000000   -0.449317107504236
 4.210000000000000   -0.449426407501786
 4.215000000000000   -0.449534935518128
 4.220000000000001   -0.449642631898343
 4.225000000000000   -0.449749435455317
 4.230000000000000   -0.449855283431642
 4.234999999999999   -0.449960111460522
 4.240000000000000   -0.450063853525676
 4.245000000000000   -0.450166441920201
 4.250000000000000   -0.450267807204374
 4.255000000000000   -0.450367878162372
 4.260000000000000   -0.450466581757861
 4.265000000000001   -0.450563843088451
 4.270000000000000   -0.450659585338977
 4.275000000000000   -0.450753729733567
 4.280000000000000   -0.450846195486487
 4.285000000000000   -0.450936899751713
 4.290000000000000   -0.451025757571214
 4.295000000000000   -0.451112681821899
 4.300000000000001   -0.451197583161214
 4.305000000000000   -0.451280369971329
 4.310000000000001   -0.451360948301914
 4.314999999999999   -0.451439221811439
 4.320000000000000   -0.451515091706984
 4.325000000000000   -0.451588456682509
 4.330000000000000   -0.451659212855559
 4.335000000000000   -0.451727253702357
 4.340000000000000   -0.451792469991252
 4.345000000000001   -0.451854749714491
 4.350000000000000   -0.451913978018256
 4.355000000000000   -0.451970037130947
 4.359999999999999   -0.452022806289667
 4.365000000000000   -0.452072161664856
 4.370000000000000   -0.452117976283045
 4.375000000000000   -0.452160119947693
 4.380000000000000   -0.452198459158047
 4.385000000000000   -0.452232857026002
 4.390000000000001   -0.452263173190907
 4.395000000000000   -0.452289263732280
 4.400000000000000   -0.452310981080387
 4.405000000000000   -0.452328173924640
 4.410000000000000   -0.452340687119774
 4.415000000000000   -0.452348361589763
 4.420000000000000   -0.452351034229420
 4.425000000000001   -0.452348537803652
 4.430000000000000   -0.452340700844319
 4.435000000000001   -0.452327347544655
 4.439999999999999   -0.452308297651216
 4.445000000000000   -0.452283366353303
 4.450000000000000   -0.452252364169822
 4.455000000000000   -0.452215096833557
 4.460000000000000   -0.452171365172789
 4.465000000000000   -0.452120964990243
 4.470000000000001   -0.452063686939328
 4.475000000000000   -0.451999316397618
 4.480000000000000   -0.451927633337559
 4.484999999999999   -0.451848412194360
 4.490000000000000   -0.451761421731044
 4.495000000000000   -0.451666424900623
 4.500000000000000   -0.451563178705392
 4.505000000000000   -0.451451434053296
 4.510000000000000   -0.451330935611375
 4.515000000000001   -0.451201421656257
 4.520000000000000   -0.451062623921691
 4.525000000000000   -0.450914267443130
 4.530000000000000   -0.450756070399334
 4.535000000000000   -0.450587743951025
 4.540000000000000   -0.450408992076584
 4.545000000000000   -0.450219511404819
 4.550000000000001   -0.450018991044816
 4.555000000000000   -0.449807112412907
 4.560000000000001   -0.449583549056799
 4.564999999999999   -0.449347966476892
 4.570000000000000   -0.449100021944862
 4.575000000000000   -0.448839364319559
 4.580000000000000   -0.448565633860298
 4.585000000000000   -0.448278462037639
 4.590000000000000   -0.447977471341737
 4.595000000000001   -0.447662275088395
 4.600000000000000   -0.447332477222923
 4.605000000000000   -0.446987672121971
 4.609999999999999   -0.446627444393461
 4.615000000000000   -0.446251368674826
 4.620000000000000   -0.445859009429723
 4.625000000000000   -0.445449920743442
 4.630000000000000   -0.445023646117249
 4.635000000000000   -0.444579718261910
 4.640000000000001   -0.444117658890681
 4.645000000000000   -0.443636978512067
 4.650000000000000   -0.443137176222681
 4.655000000000000   -0.442617739500569
 4.660000000000000   -0.442078143999378
 4.665000000000000   -0.441517853343809
 4.670000000000000   -0.440936318926793
 4.675000000000001   -0.440332979708897
 4.680000000000000   -0.439707262020481
 4.685000000000001   -0.439058579367181
 4.689999999999999   -0.438386332239338
 4.695000000000000   -0.437689907926019
 4.700000000000000   -0.436968680334343
 4.705000000000000   -0.436222009814867
 4.710000000000000   -0.435449242993843
 4.715000000000000   -0.434649712613192
 4.720000000000001   -0.433822737379144
 4.725000000000000   -0.432967621820490
 4.730000000000000   -0.432083656157520
 4.734999999999999   -0.431170116182735
 4.740000000000000   -0.430226263154518
 4.745000000000000   -0.429251343705024
 4.750000000000000   -0.428244589763589
 4.755000000000000   -0.427205218497090
 4.760000000000000   -0.426132432268714
 4.765000000000001   -0.425025418616716
 4.770000000000000   -0.423883350254816
 4.775000000000000   -0.422705385095974
 4.780000000000000   -0.421490666301375
 4.785000000000000   -0.420238322356561
 4.790000000000000   -0.418947467176722
 4.795000000000000   -0.417617200243281
 4.800000000000001   -0.416246606773982
 4.805000000000000   -0.414834757928826
 4.810000000000001   -0.413380711054267
 4.814999999999999   -0.411883509968219
 4.820000000000000   -0.410342185288496
 4.825000000000000   -0.408755754807448
 4.830000000000000   -0.407123223915626
 4.835000000000000   -0.405443586077444
 4.840000000000000   -0.403715823361881
 4.845000000000001   -0.401938907031377
 4.850000000000000   -0.400111798192185
 4.855000000000000   -0.398233448509493
 4.859999999999999   -0.396302800990770
 4.865000000000000   -0.394318790840810
 4.870000000000000   -0.392280346392075
 4.875000000000000   -0.390186390113943
 4.880000000000000   -0.388035839704565
 4.885000000000000   -0.385827609269053
 4.890000000000001   -0.383560610587727
 4.895000000000000   -0.381233754478196
 4.900000000000000   -0.378845952254995
 4.905000000000000   -0.376396117290506
 4.910000000000000   -0.373883166680813
 4.915000000000000   -0.371306023020066
 4.920000000000000   -0.368663616286853
 4.925000000000001   -0.365954885845891
 4.930000000000000   -0.363178782568234
 4.935000000000001   -0.360334271072961
 4.939999999999999   -0.357420332093094
 4.945000000000000   -0.354435964968170
 4.950000000000000   -0.351380190265636
 4.955000000000000   -0.348252052532810
 4.960000000000000   -0.345050623180749
 4.965000000000000   -0.341775003500917
 4.970000000000001   -0.338424327814990
 4.975000000000000   -0.334997766757579
 4.980000000000000   -0.331494530690988
 4.984999999999999   -0.327913873250458
 4.990000000000000   -0.324255095017552
 4.995000000000000   -0.320517547318524
 5.000000000000000   -0.316700636143614
 5.005000000000000   -0.312803826182285
 5.010000000000000   -0.308826644968328
 5.015000000000001   -0.304768687127774
 5.020000000000000   -0.300629618721293
 5.025000000000000   -0.296409181671652
 5.030000000000000   -0.292107198265460
 5.035000000000000   -0.287723575717173
 5.040000000000000   -0.283258310781926
 5.045000000000000   -0.278711494402371
 5.050000000000001   -0.274083316373282
 5.055000000000000   -0.269374070006192
 5.060000000000001   -0.264584156774894
 5.064999999999999   -0.259714090921156
 5.070000000000000   -0.254764503998507
 5.075000000000000   -0.249736149330598
 5.080000000000000   -0.244629906359157
 5.085000000000000   -0.239446784855305
 5.090000000000000   -0.234187928966701
 5.095000000000001   -0.228854621071871
 5.100000000000000   -0.223448285412006
 5.105000000000000   -0.217970491469610
 5.109999999999999   -0.212422957062732
 5.115000000000000   -0.206807551122806
 5.120000000000000   -0.201126296123967
 5.125000000000000   -0.195381370131410
 5.130000000000000   -0.189575108436628
 5.135000000000000   -0.183710004747693
 5.140000000000001   -0.177788711903423
 5.145000000000000   -0.171814042081337
 5.150000000000000   -0.165788966470506
 5.155000000000000   -0.159716614382174
 5.160000000000000   -0.153600271772873
 5.165000000000000   -0.147443379157203
 5.170000000000000   -0.141249528890053
 5.175000000000001   -0.135022461801067
 5.180000000000000   -0.128766063167564
 5.185000000000001   -0.122484358015711
 5.189999999999999   -0.116181505743867
 5.195000000000000   -0.109861794066116
 5.200000000000000   -0.103529632278717
 5.205000000000000   -0.097189543856768
 5.210000000000000   -0.090846158393427
 5.215000000000000   -0.084504202899034
 5.220000000000001   -0.078168492482629
 5.225000000000000   -0.071843920443570
 5.230000000000000   -0.065535447806032
 5.234999999999999   -0.059248092334390
 5.240000000000000   -0.052986917072234
 5.245000000000000   -0.046757018452675
 5.250000000000000   -0.040563514031919
 5.255000000000000   -0.034411529902329
 5.260000000000000   -0.028306187844874
 5.265000000000001   -0.022252592284221
 5.270000000000000   -0.016255817112510
 5.275000000000000   -0.010320892450157
 5.280000000000000   -0.004452791413707
 5.285000000000000    0.001343583038114
 5.290000000000000    0.007063411108606
 5.295000000000000    0.012701968946153
 5.300000000000001    0.018254641135620
 5.305000000000000    0.023716932829104
 5.310000000000001    0.029084481449181
 5.314999999999999    0.034353067900622
 5.320000000000000    0.039518627229945
 5.325000000000000    0.044577258676065
 5.330000000000000    0.049525235059890
 5.335000000000000    0.054359011465507
 5.340000000000000    0.059075233171061
 5.345000000000001    0.063670742793020
 5.350000000000000    0.068142586613535
 5.355000000000000    0.072488020066712
 5.359999999999999    0.076704512365900
 5.365000000000000    0.080789750260472
 5.370000000000000    0.084741640916809
 5.375000000000000    0.088558313924552
 5.380000000000000    0.092238122435102
 5.385000000000000    0.095779643445351
 5.390000000000001    0.099181677245101
 5.395000000000000    0.102443246051904
 5.400000000000000    0.105563591861957
 5.405000000000000    0.108542173550064
 5.410000000000000    0.111378663255756
 5.415000000000000    0.114072942096131
 5.420000000000000    0.116625095249042
 5.425000000000001    0.119035406452798
 5.430000000000000    0.121304351970541
 5.435000000000001    0.123432594069047
 5.439999999999999    0.125420974062663
 5.445000000000000    0.127270504973744
 5.450000000000000    0.128982363860949
 5.455000000000000    0.130557883866551
 5.460000000000000    0.131998546033086
 5.465000000000000    0.133305970938635
 5.470000000000001    0.134481910198576
 5.475000000000000    0.135528237879921
 5.480000000000000    0.136446941872352
 5.484999999999999    0.137240115257869
 5.490000000000000    0.137909947718545
 5.495000000000000    0.138458717019338
 5.500000000000000    0.138888780600243
 5.505000000000000    0.139202567309306
 5.510000000000000    0.139402569305240
 5.515000000000001    0.139491334155555
 5.520000000000000    0.139471457153326
 5.525000000000000    0.139345573872918
 5.530000000000000    0.139116352982307
 5.535000000000000    0.138786489326982
 5.540000000000000    0.138358697297866
 5.545000000000000    0.137835704493264
 5.550000000000001    0.137220245682543
 5.555000000000000    0.136515057077037
 5.560000000000001    0.135722870911668
 5.564999999999999    0.134846410338819
 5.570000000000000    0.133888384634292
 5.575000000000000    0.132851484713548
 5.580000000000000    0.131738378954949
 5.585000000000000    0.130551709325471
 5.590000000000000    0.129294087803099
 5.595000000000001    0.127968093089164
 5.600000000000000    0.126576267602925
 5.605000000000000    0.125121114749969
 5.609999999999999    0.123605096455311
 5.615000000000000    0.122030630951603
 5.620000000000000    0.120400090812365
 5.625000000000000    0.118715801219880
 5.630000000000000    0.116980038457147
 5.635000000000000    0.115195028613112
 5.640000000000001    0.113362946490383
 5.645000000000000    0.111485914704591
 5.650000000000000    0.109566002964630
 5.655000000000000    0.107605227523173
 5.660000000000000    0.105605550786969
 5.665000000000000    0.103568881076715
 5.670000000000000    0.101497072526485
 5.675000000000001    0.099391925113043
 5.680000000000000    0.097255184805645
 5.685000000000001    0.095088543827304
 5.689999999999999    0.092893641018823
 5.695000000000000    0.090672062297287
 5.700000000000000    0.088425341201112
 5.705000000000000    0.086154959514087
 5.710000000000000    0.083862347961289
 5.715000000000000    0.081548886970141
 5.720000000000001    0.079215907490251
 5.725000000000000    0.076864691866124
 5.730000000000000    0.074496474757153
 5.734999999999999    0.072112444099785
 5.740000000000000    0.069713742107021
 5.745000000000000    0.067301466300901
 5.750000000000000    0.064876670573893
 5.755000000000000    0.062440366275512
 5.760000000000000    0.059993523320862
 5.765000000000001    0.057537071318055
 5.770000000000000    0.055071900711879
 5.775000000000000    0.052598863941339
 5.780000000000000    0.050118776609036
 5.785000000000000    0.047632418660657
 5.790000000000000    0.045140535573080
 5.795000000000000    0.042643839549979
 5.800000000000001    0.040143010723971
 5.805000000000000    0.037638698364723
 5.810000000000001    0.035131522092587
 5.814999999999999    0.032622073097684
 5.820000000000000    0.030110915364495
 5.825000000000000    0.027598586902359
 5.830000000000000    0.025085600982416
 5.835000000000000    0.022572447381805
 5.840000000000000    0.020059593636154
 5.845000000000001    0.017547486301578
 5.850000000000000    0.015036552227636
 5.855000000000000    0.012527199842897
 5.859999999999999    0.010019820454969
 5.865000000000000    0.007514789567042
 5.870000000000000    0.005012468213180
 5.875000000000000    0.002513204314795
 5.880000000000000    0.000017334060936
 5.885000000000000   -0.002474816684854
 5.890000000000001   -0.004962930948096
 5.895000000000000   -0.007446699174264
 5.900000000000000   -0.009925817723693
 5.905000000000000   -0.012399987327083
 5.910000000000000   -0.014868911498038
 5.915000000000000   -0.017332294898957
 5.920000000000000   -0.019789841656499
 5.925000000000001   -0.022241253622758
 5.930000000000000   -0.024686228578236
 5.935000000000001   -0.027124458372688
 5.939999999999999   -0.029555626999894
 5.945000000000000   -0.031979408602506
 5.950000000000000   -0.034395465403175
 5.955000000000000   -0.036803445558356
 5.960000000000000   -0.039202980931380
 5.965000000000000   -0.041593684781685
 5.970000000000001   -0.043975149367471
 5.975000000000000   -0.046346943459505
 5.980000000000000   -0.048708609764408
 5.984999999999999   -0.051059662256415
 5.990000000000000   -0.053399583417467
 5.995000000000000   -0.055727821386463
 6.000000000000000   -0.058043787019677
 6.005000000000000   -0.060346850865671
 6.010000000000000   -0.062636340059590
 6.015000000000000   -0.064911535143514
 6.020000000000000   -0.067171666821543
 6.025000000000000   -0.069415912660585
 6.030000000000000   -0.071643393750359
 6.035000000000000   -0.073853171339012
 6.040000000000000   -0.076044243463881
 6.045000000000000   -0.078215541600435
 6.050000000000000   -0.080365927356244
 6.055000000000000   -0.082494189240933
 6.060000000000001   -0.084599039547575
 6.065000000000000   -0.086679111385680
 6.070000000000000   -0.088732955910998
 6.075000000000000   -0.090759039802599
 6.080000000000000   -0.092755743043124
 6.085000000000000   -0.094721357063644
 6.090000000000000   -0.096654083320084
 6.095000000000000   -0.098552032373642
 6.100000000000000   -0.100413223552780
 6.105000000000000   -0.102235585279148
 6.110000000000000   -0.104016956143994
 6.115000000000000   -0.105755086824899
 6.120000000000000   -0.107447642935003
 6.125000000000000   -0.109092208897762
 6.130000000000000   -0.110686292939598
 6.135000000000000   -0.112227333290138
 6.140000000000000   -0.113712705674822
 6.145000000000000   -0.115139732177191
 6.150000000000000   -0.116505691537791
 6.155000000000000   -0.117807830943149
 6.160000000000000   -0.119043379341376
 6.165000000000000   -0.120209562300578
 6.170000000000000   -0.121303618402206
 6.175000000000000   -0.122322817133915
 6.180000000000000   -0.123264478215495
 6.185000000000001   -0.124125992257297
 6.190000000000000   -0.124904842613919
 6.195000000000000   -0.125598628257165
 6.200000000000000   -0.126205087452552
 6.205000000000000   -0.126722121983732
 6.210000000000000   -0.127147821630481
 6.215000000000000   -0.127480488569615
 6.220000000000000   -0.127718661335900
 6.225000000000000   -0.127861137953180
 6.230000000000000   -0.127906997826067
 6.235000000000000   -0.127855621971197
 6.240000000000000   -0.127706711165419
 6.245000000000000   -0.127460301597486
 6.250000000000000   -0.127116777630687
 6.255000000000000   -0.126676881316623
 6.260000000000000   -0.126141718345064
 6.265000000000000   -0.125512760170893
 6.270000000000000   -0.124791842125427
 6.275000000000000   -0.123981157394506
 6.280000000000000   -0.123083246827383
 6.285000000000000   -0.122100984626441
 6.290000000000000   -0.121037560055282
 6.295000000000000   -0.119896455388834
 6.300000000000000   -0.118681420411057
 6.305000000000000   -0.117396443840575
 6.310000000000001   -0.116045722129668
 6.315000000000000   -0.114633626135274
 6.320000000000000   -0.113164666200256
 6.325000000000000   -0.111643456208003
 6.330000000000000   -0.110074677182986
 6.335000000000000   -0.108463041004129
 6.340000000000000   -0.106813254777605
 6.345000000000000   -0.105129986382046
 6.350000000000001   -0.103417831653945
 6.355000000000000   -0.101681283626165
 6.360000000000000   -0.099924704170410
 6.365000000000000   -0.098152298327508
 6.370000000000000   -0.096368091539919
 6.375000000000000   -0.094575909931332
 6.380000000000000   -0.092779363710539
 6.385000000000000   -0.090981833713033
 6.390000000000000   -0.089186461035218
 6.395000000000000   -0.087396139664152
 6.400000000000000   -0.085613511961016
 6.405000000000000   -0.083840966819547
 6.410000000000000   -0.082080640291644
 6.415000000000000   -0.080334418450997
 6.420000000000000   -0.078603942251741
 6.425000000000000   -0.076890614131971
 6.430000000000000   -0.075195606110959
 6.435000000000001   -0.073519869133221
 6.440000000000000   -0.071864143421339
 6.445000000000000   -0.070228969611813
 6.450000000000000   -0.068614700463417
 6.455000000000000   -0.067021512944686
 6.460000000000000   -0.065449420525669
 6.465000000000000   -0.063898285518256
 6.470000000000000   -0.062367831328659
 6.475000000000001   -0.060857654504646
 6.480000000000000   -0.059367236478384
 6.485000000000000   -0.057895954923088
 6.490000000000000   -0.056443094657803
 6.495000000000000   -0.055007858049471
 6.500000000000000   -0.053589374874822
 6.505000000000000   -0.052186711616619
 6.510000000000000   -0.050798880179314
 6.515000000000000   -0.049424846018302
 6.520000000000000   -0.048063535684785
 6.525000000000000   -0.046713843794817
 6.530000000000000   -0.045374639436520
 6.535000000000000   -0.044044772033812
 6.540000000000000   -0.042723076688432
 6.545000000000000   -0.041408379024610
 6.550000000000000   -0.040099499562592
 6.555000000000000   -0.038795257648429
 6.560000000000001   -0.037494474968111
 6.565000000000000   -0.036195978674348
 6.570000000000000   -0.034898604154068
 6.575000000000000   -0.033601197464297
 6.580000000000000   -0.032302617463248
 6.585000000000000   -0.031001737662595
 6.590000000000000   -0.029697447825759
 6.595000000000000   -0.028388655335879
 6.600000000000001   -0.027074286355862
 6.605000000000000   -0.025753286801600
 6.610000000000000   -0.024424623148132
 6.615000000000000   -0.023087283087195
 6.620000000000000   -0.021740276053317
 6.625000000000000   -0.020382633634341
 6.630000000000000   -0.019013409881034
 6.635000000000000   -0.017631681529271
 6.640000000000000   -0.016236548147157
 6.645000000000000   -0.014827132218403
 6.650000000000000   -0.013402579172244
 6.655000000000000   -0.011962057369290
 6.660000000000000   -0.010504758051782
 6.665000000000000   -0.009029895265936
 6.670000000000000   -0.007536705763293
 6.675000000000000   -0.006024448887285
 6.680000000000000   -0.004492406450580
 6.685000000000001   -0.002939882608180
 6.690000000000000   -0.001366203730697
 6.695000000000000    0.000229281718301
 6.700000000000000    0.001847203297388
 6.705000000000000    0.003488168691815
 6.710000000000000    0.005152763804823
 6.715000000000000    0.006841552833452
 6.720000000000000    0.008555078326866
 6.725000000000001    0.010293861225532
 6.730000000000000    0.012058400879831
 6.735000000000000    0.013849175046959
 6.740000000000000    0.015666639865169
 6.745000000000000    0.017511229804638
 6.750000000000000    0.019383357594417
 6.755000000000000    0.021283414125096
 6.760000000000000    0.023211768327002
 6.765000000000000    0.025168767023855
 6.770000000000000    0.027154734761995
 6.775000000000000    0.029169973615386
 6.780000000000000    0.031214762966748
 6.785000000000000    0.033289359265268
 6.790000000000000    0.035393995761480
 6.795000000000000    0.037528882219962
 6.800000000000000    0.039694204610657
 6.805000000000000    0.041890124779671
 6.810000000000001    0.044116780100532
 6.815000000000000    0.046374283106966
 6.820000000000000    0.048662721108357
 6.825000000000000    0.050982155789111
 6.830000000000000    0.053332622793287
 6.835000000000000    0.055714131295887
 6.840000000000000    0.058126663562326
 6.845000000000000    0.060570174497668
 6.850000000000001    0.063044591187301
 6.855000000000000    0.065549812430812
 6.860000000000000    0.068085708270911
 6.865000000000000    0.070652119519313
 6.870000000000000    0.073248857281594
 6.875000000000000    0.075875702483111
 6.880000000000000    0.078532405398131
 6.885000000000000    0.081218685184427
 6.890000000000000    0.083934229425641
 6.895000000000000    0.086678693683794
 6.900000000000000    0.089451701064417
 6.905000000000000    0.092252841796778
 6.910000000000000    0.095081672831820
 6.915000000000000    0.097937717460408
 6.920000000000000    0.100820464954576
 6.925000000000000    0.103729370234500
 6.930000000000000    0.106663853563941
 6.935000000000001    0.109623300276954
 6.940000000000000    0.112607060538669
 6.945000000000000    0.115614449142971
 6.950000000000000    0.118644745349893
 6.955000000000000    0.121697192765541
 6.960000000000000    0.124770999267366
 6.965000000000000    0.127865336977534
 6.970000000000000    0.130979342287141
 6.975000000000001    0.134112115933944
 6.980000000000000    0.137262723136212
 6.985000000000000    0.140430193785258
 6.990000000000000    0.143613522699050
 6.995000000000000    0.146811669939263
 7.000000000000000    0.150023561193960
 7.005000000000000    0.153248088227991
 7.010000000000000    0.156484109402990
 7.015000000000000    0.159730450268767
 7.020000000000000    0.162985904227610
 7.025000000000000    0.166249233272892
 7.030000000000000    0.169519168803128
 7.035000000000000    0.172794412512387
 7.040000000000000    0.176073637357768
 7.045000000000000    0.179355488604338
 7.050000000000000    0.182638584947706
 7.055000000000000    0.185921519714097
 7.060000000000001    0.189202862137514
 7.065000000000000    0.192481158713271
 7.070000000000000    0.195754934626876
 7.075000000000000    0.199022695256907
 7.080000000000000    0.202282927750228
 7.085000000000000    0.205534102667553
 7.090000000000000    0.208774675697020
 7.095000000000000    0.212003089433159
 7.100000000000001    0.215217775218236
 7.105000000000000    0.218417155042693
 7.110000000000000    0.221599643501078
 7.115000000000000    0.224763649799474
 7.120000000000000    0.227907579810268
 7.125000000000000    0.231029838169661
 7.130000000000000    0.234128830413165
 7.135000000000000    0.237202965143985
 7.140000000000000    0.240250656229000
 7.145000000000000    0.243270325016799
 7.150000000000000    0.246260402572024
 7.155000000000000    0.249219331920130
 7.160000000000000    0.252145570296450
 7.165000000000000    0.255037591393415
 7.170000000000000    0.257893887599589
 7.175000000000000    0.260712972224167
 7.180000000000000    0.263493381700522
 7.185000000000001    0.266233677762383
 7.190000000000000    0.268932449586238
 7.195000000000000    0.271588315893614
 7.200000000000000    0.274199927006977
 7.205000000000000    0.276765966853098
 7.210000000000000    0.279285154907891
 7.215000000000000    0.281756248076901
 7.220000000000000    0.284178042505828
 7.225000000000001    0.286549375315709
 7.230000000000000    0.288869126257648
 7.235000000000000    0.291136219282286
 7.240000000000000    0.293349624019480
 7.245000000000000    0.295508357164046
 7.250000000000000    0.297611483763739
 7.255000000000000    0.299658118406054
 7.260000000000000    0.301647426300783
 7.265000000000000    0.303578624255711
 7.270000000000000    0.305450981543218
 7.275000000000000    0.307263820655993
 7.280000000000000    0.309016517950491
 7.285000000000000    0.310708504177210
 7.290000000000000    0.312339264897272
 7.295000000000000    0.313908340785244
 7.300000000000000    0.315415327818567
 7.305000000000000    0.316859877354339
 7.310000000000001    0.318241696094672
 7.315000000000000    0.319560545942172
 7.320000000000000    0.320816243747520
 7.325000000000000    0.322008660951475
 7.330000000000000    0.323137723123986
 7.335000000000000    0.324203409403396
 7.340000000000000    0.325205751839073
 7.345000000000000    0.326144834641045
 7.350000000000001    0.327020793340502
 7.355000000000000    0.327833813865250
 7.360000000000000    0.328584131534429
 7.365000000000000    0.329272029976963
 7.370000000000000    0.329897839978410
 7.375000000000000    0.330461938260959
 7.380000000000000    0.330964746201492
 7.385000000000000    0.331406728492635
 7.390000000000000    0.331788391751851
 7.395000000000000    0.332110283083600
 7.400000000000000    0.332372988599628
 7.405000000000000    0.332577131902419
 7.410000000000000    0.332723372536811
 7.415000000000000    0.332812404414706
 7.420000000000000    0.332844954217725
 7.425000000000000    0.332821779782582
 7.430000000000000    0.332743668473791
 7.435000000000001    0.332611435548225
 7.440000000000000    0.332425922515889
 7.445000000000000    0.332187995501091
 7.450000000000000    0.331898543608046
 7.455000000000000    0.331558477294759
 7.460000000000000    0.331168726758819
 7.465000000000000    0.330730240338583
 7.470000000000000    0.330243982932979
 7.475000000000001    0.329710934442972
 7.480000000000000    0.329132088237521
 7.485000000000000    0.328508449646635
 7.490000000000000    0.327841034483921
 7.495000000000000    0.327130867600810
 7.500000000000000    0.326378981474415
 7.505000000000000    0.325586414830781
 7.510000000000000    0.324754211305067
 7.515000000000000    0.323883418139982
 7.520000000000000    0.322975084923637
 7.525000000000000    0.322030262367716
 7.530000000000000    0.321050001126738
 7.535000000000000    0.320035350658962
 7.540000000000000    0.318987358129313
 7.545000000000000    0.317907067354540
 7.550000000000000    0.316795517790666
 7.555000000000000    0.315653743562603
 7.560000000000001    0.314482772535671
 7.565000000000000    0.313283625428632
 7.570000000000000    0.312057314967684
 7.575000000000000    0.310804845080757
 7.580000000000000    0.309527210131315
 7.585000000000000    0.308225394190786
 7.590000000000000    0.306900370348576
 7.595000000000000    0.305553100058596
 7.600000000000001    0.304184532521089
 7.605000000000000    0.302795604098458
 7.610000000000000    0.301387237763752
 7.615000000000000    0.299960342580353
 7.620000000000000    0.298515813211343
 7.625000000000000    0.297054529457005
 7.630000000000000    0.295577355818770
 7.635000000000000    0.294085141087973
 7.640000000000000    0.292578717957614
 7.645000000000000    0.291058902655360
 7.650000000000000    0.289526494595940
 7.655000000000000    0.287982276051032
 7.660000000000000    0.286427011834718
 7.665000000000000    0.284861449002535
 7.670000000000000    0.283286316562117
 7.675000000000000    0.281702325193369
 7.680000000000000    0.280110166976110
 7.685000000000001    0.278510515123028
 7.690000000000000    0.276904023715838
 7.695000000000000    0.275291327442407
 7.700000000000000    0.273673041332642
 7.705000000000000    0.272049760490874
 7.710000000000000    0.270422059822418
 7.715000000000000    0.268790493751991
 7.720000000000000    0.267155595931590
 7.725000000000001    0.265517878935432
 7.730000000000000    0.263877833939476
 7.735000000000000    0.262235930383054
 7.740000000000000    0.260592615610064
 7.745000000000000    0.258948314487151
 7.750000000000000    0.257303428996280
 7.755000000000000    0.255658337799037
 7.760000000000000    0.254013395770002
 7.765000000000000    0.252368933496464
 7.770000000000000    0.250725256741781
 7.775000000000000    0.249082645869606
 7.780000000000000    0.247441355226252
 7.785000000000000    0.245801612478426
 7.790000000000000    0.244163617903597
 7.795000000000000    0.242527543630298
 7.800000000000000    0.240893532825682
 7.805000000000000    0.239261698827746
 7.810000000000001    0.237632124219721
 7.815000000000000    0.236004859844253
 7.820000000000000    0.234379923755132
 7.825000000000000    0.232757300104580
 7.830000000000000    0.231136937964273
 7.835000000000000    0.229518750078650
 7.840000000000000    0.227902611549345
 7.845000000000000    0.226288358450058
 7.850000000000001    0.224675786371632
 7.855000000000000    0.223064648897739
 7.860000000000000    0.221454656012219
 7.865000000000000    0.219845472439933
 7.870000000000000    0.218236715923900
 7.875000000000000    0.216627955442532
 7.880000000000000    0.215018709371961
 7.885000000000000    0.213408443599841
 7.890000000000000    0.211796569598484
 7.895000000000000    0.210182442466955
 7.900000000000000    0.208565358953628
 7.905000000000000    0.206944555472876
 7.910000000000000    0.205319206131878
 7.915000000000000    0.203688420786193
 7.920000000000000    0.202051243145531
 7.925000000000000    0.200406648954276
 7.930000000000000    0.198753544274670
 7.935000000000001    0.197090763904129
 7.940000000000000    0.195417069962015
 7.945000000000000    0.193731150685193
 7.950000000000000    0.192031619475965
 7.955000000000000    0.190317014250292
 7.960000000000000    0.188585797138688
 7.965000000000000    0.186836354596648
 7.970000000000000    0.185066997985831
 7.975000000000001    0.183275964691478
 7.980000000000000    0.181461419845425
 7.985000000000000    0.179621458727548
 7.990000000000000    0.177754109921293
 7.995000000000000    0.175857339300920
 8.000000000000000    0.173929054929071
 8.004999999999999    0.171967112942887
 8.010000000000000    0.169969324504978
 8.015000000000001    0.167933463891843
 8.020000000000000    0.165857277786387
 8.025000000000000    0.163738495832953
 8.030000000000001    0.161574842502265
 8.035000000000000    0.159364050299746
 8.039999999999999    0.157103874333611
 8.045000000000000    0.154792108238687
 8.050000000000001    0.152426601428176
 8.055000000000000    0.150005277618313
 8.060000000000001    0.147526154540545
 8.065000000000001    0.144987364722443
 8.070000000000000    0.142387177182710
 8.074999999999999    0.139724019847874
 8.080000000000000    0.136996502459465
 8.085000000000001    0.134203439701550
 8.090000000000000    0.131343874240726
 8.094999999999999    0.128417099335392
 8.100000000000001    0.125422680639763
 8.105000000000000    0.122360476802323
 8.109999999999999    0.119230658439754
 8.115000000000000    0.116033725057517
 8.120000000000001    0.112770519488575
 8.125000000000000    0.109442239433416
 8.129999999999999    0.106050445708707
 8.135000000000000    0.102597066848864
 8.140000000000001    0.099084399754859
 8.145000000000000    0.095515106147028
 8.150000000000000    0.091892204652678
 8.155000000000001    0.088219058443130
 8.160000000000000    0.084499358426288
 8.164999999999999    0.080737102097406
 8.170000000000000    0.076936568249152
 8.175000000000001    0.073102287839073
 8.180000000000000    0.069239011404796
 8.185000000000001    0.065351673501126
 8.190000000000001    0.061445354705735
 8.195000000000000    0.057525241798372
 8.199999999999999    0.053596586760404
 8.205000000000000    0.049664665265425
 8.210000000000001    0.045734735336916
 8.215000000000000    0.041811996835418
 8.219999999999999    0.037901552406377
 8.225000000000001    0.034008370472063
 8.230000000000000    0.030137250789009
 8.234999999999999    0.026292793018929
 8.240000000000000    0.022479368679022
 8.245000000000001    0.018701096750068
 8.250000000000000    0.014961823131097
 8.254999999999999    0.011265104040537
 8.260000000000000    0.007614193378678
 8.265000000000001    0.004012033986985
 8.270000000000000    0.000461252668804
 8.275000000000000   -0.003035841225785
 8.280000000000001   -0.006477253899400
 8.285000000000000   -0.009861302179926
 8.289999999999999   -0.013186605884503
 8.295000000000000   -0.016452077812088
 8.300000000000001   -0.019656911710879
 8.305000000000000   -0.022800568566994
 8.310000000000001   -0.025882761553223
 8.315000000000001   -0.028903439962475
 8.320000000000000   -0.031862772431165
 8.324999999999999   -0.034761129734241
 8.330000000000000   -0.037599067407292
 8.335000000000001   -0.040377308423050
 8.340000000000000   -0.043096726120818
 8.344999999999999   -0.045758327558457
 8.350000000000001   -0.048363237428597
 8.355000000000000   -0.050912682653888
 8.359999999999999   -0.053407977751199
 8.365000000000000   -0.055850511031520
 8.370000000000001   -0.058241731681670
 8.375000000000000   -0.060583137755338
 8.379999999999999   -0.062876265084918
 8.385000000000000   -0.065122677111659
 8.390000000000001   -0.067323955620041
 8.395000000000000   -0.069481692352653
 8.400000000000000   -0.071597481474086
 8.405000000000001   -0.073672912846387
 8.410000000000000   -0.075709566074127
 8.414999999999999   -0.077709005274016
 8.420000000000000   -0.079672774522045
 8.425000000000001   -0.081602393930182
 8.430000000000000   -0.083499356304552
 8.435000000000001   -0.085365124337594
 8.440000000000001   -0.087201128287844
 8.445000000000000   -0.089008764102556
 8.449999999999999   -0.090789391940330
 8.455000000000000   -0.092544335053002
 8.460000000000001   -0.094274878988463
 8.465000000000000   -0.095982271078433
 8.469999999999999   -0.097667720177712
 8.475000000000001   -0.099332396623891
 8.480000000000000   -0.100977432388945
 8.484999999999999   -0.102603921396465
 8.490000000000000   -0.104212919980610
 8.495000000000001   -0.105805447464960
 8.500000000000000   -0.107382486841573
 8.504999999999999   -0.108944985532443
 8.510000000000000   -0.110493856217342
 8.515000000000001   -0.112029977713741
 8.520000000000000   -0.113554195896027
 8.525000000000000   -0.115067324642651
 8.530000000000001   -0.116570146801138
 8.535000000000000   -0.118063415162094
 8.539999999999999   -0.119547853434384
 8.545000000000000   -0.121024157214644
 8.550000000000001   -0.122492994945146
 8.555000000000000   -0.123955008854818
 8.560000000000001   -0.125410815878914
 8.565000000000001   -0.126861008553419
 8.570000000000000   -0.128306155880851
 8.574999999999999   -0.129746804164551
 8.580000000000000   -0.131183477808992
 8.585000000000001   -0.132616680083974
 8.590000000000000   -0.134046893850885
 8.594999999999999   -0.135474582249450
 8.600000000000001   -0.136900189343606
 8.605000000000000   -0.138324140725303
 8.609999999999999   -0.139746844075205
 8.615000000000000   -0.141168689679295
 8.620000000000003   -0.142590050900538
 8.625000000000000   -0.144011284604743
 8.629999999999997   -0.145432731539828
 8.635000000000000   -0.146854716667655
 8.640000000000001   -0.148277549447591
 8.645000000000000   -0.149701524070933
 8.650000000000000   -0.151126919645216
 8.655000000000001   -0.152554000327401
 8.660000000000000   -0.153983015404811
 8.664999999999999   -0.155414199322584
 8.670000000000000   -0.156847771656287
 8.675000000000001   -0.158283937028186
 8.680000000000000   -0.159722884965538
 8.685000000000001   -0.161164789699073
 8.690000000000001   -0.162609809899686
 8.695000000000000   -0.164058088351145
 8.699999999999999   -0.165509751556442
 8.705000000000000   -0.166964909275170
 8.710000000000001   -0.168423653989100
 8.715000000000000   -0.169886060292908
 8.719999999999999   -0.171352184206712
 8.725000000000001   -0.172822062406859
 8.730000000000000   -0.174295711371090
 8.734999999999999   -0.175773126433995
 8.740000000000000   -0.177254280748272
 8.745000000000003   -0.178739124147126
 8.750000000000000   -0.180227581902731
 8.754999999999997   -0.181719553375446
 8.760000000000000   -0.183214910548075
 8.765000000000001   -0.184713496439224
 8.770000000000000   -0.186215123389403
 8.775000000000000   -0.187719571213282
 8.780000000000001   -0.189226585211097
 8.785000000000000   -0.190735874032012
 8.789999999999999   -0.192247107381847
 8.795000000000000   -0.193759913567386
 8.800000000000001   -0.195273876869217
 8.805000000000000   -0.196788534734839
 8.810000000000001   -0.198303374783644
 8.815000000000001   -0.199817831615255
 8.820000000000000   -0.201331283412711
 8.824999999999999   -0.202843048332010
 8.830000000000000   -0.204352380669701
 8.835000000000001   -0.205858466800522
 8.840000000000000   -0.207360420877481
 8.844999999999999   -0.208857280287397
 8.850000000000001   -0.210348000855724
 8.855000000000000   -0.211831451795511
 8.859999999999999   -0.213306410396675
 8.865000000000000   -0.214771556453349
 8.870000000000003   -0.216225466429094
 8.875000000000000   -0.217666607362085
 8.879999999999997   -0.219093330515286
 8.885000000000000   -0.220503864779937
 8.890000000000001   -0.221896309844663
 8.895000000000000   -0.223268629147140
 8.900000000000000   -0.224618642630523
 8.905000000000001   -0.225944019333078
 8.910000000000000   -0.227242269846435
 8.914999999999999   -0.228510738685924
 8.920000000000000   -0.229746596625507
 8.925000000000001   -0.230946833060028
 8.930000000000000   -0.232108248468914
 8.935000000000001   -0.233227447068120
 8.940000000000001   -0.234300829751148
 8.945000000000000   -0.235324587435279
 8.949999999999999   -0.236294694945902
 8.955000000000000   -0.237206905589834
 8.960000000000001   -0.238056746587792
 8.965000000000000   -0.238839515556597
 8.969999999999999   -0.239550278252955
 8.975000000000001   -0.240183867812649
 8.980000000000000   -0.240734885741144
 8.984999999999999   -0.241197704933634
 8.990000000000000   -0.241566475023717
 8.995000000000003   -0.241835130379488
 9.000000000000000   -0.241997401083012
 9.004999999999997   -0.242046827242749
 9.010000000000000   -0.241976776997416
 9.015000000000001   -0.241780468572573
 9.020000000000000   -0.241450996746309
 9.025000000000000   -0.240981364066254
 9.030000000000001   -0.240364517134797
 9.035000000000000   -0.239593388241171
 9.039999999999999   -0.238660942566126
 9.045000000000000   -0.237560231115487
 9.050000000000001   -0.236284449451619
 9.055000000000000   -0.234827002185455
 9.060000000000001   -0.233181573065732
 9.065000000000001   -0.231342200356426
 9.070000000000000   -0.229303357028896
 9.074999999999999   -0.227060035113919
 9.080000000000000   -0.224607833363607
 9.085000000000001   -0.221943047168463
 9.090000000000000   -0.219062759466333
 9.094999999999999   -0.215964931174844
 9.100000000000001   -0.212648489485390
 9.105000000000000   -0.209113412184602
 9.109999999999999   -0.205360806028488
 9.115000000000000   -0.201392977096336
 9.120000000000003   -0.197213491005901
 9.125000000000000   -0.192827220888846
 9.129999999999997   -0.188240381113327
 9.135000000000000   -0.183460544905546
 9.140000000000001   -0.178496644266178
 9.145000000000000   -0.173358950900449
 9.150000000000000   -0.168059037276978
 9.155000000000001   -0.162609717390815
 9.160000000000000   -0.157024967316801
 9.164999999999999   -0.151319826182478
 9.170000000000000   -0.145510278744645
 9.175000000000001   -0.139613121296701
 9.180000000000000   -0.133645813141702
 9.185000000000001   -0.127626316314629
 9.190000000000001   -0.121572926605677
 9.195000000000000   -0.115504099206603
 9.199999999999999   -0.109438272460925
 9.205000000000000   -0.103393693239213
 9.210000000000001   -0.097388247380768
 9.215000000000000   -0.091439298448381
 9.219999999999999   -0.085563537743751
 9.225000000000001   -0.079776848143476
 9.230000000000000   -0.074094183859051
 9.234999999999999   -0.068529467720525
 9.240000000000000   -0.063095507056488
 9.245000000000003   -0.057803928714331
 9.250000000000000   -0.052665133256568
 9.254999999999997   -0.047688267898674
 9.260000000000000   -0.042881217336902
 9.265000000000001   -0.038250611261178
 9.270000000000000   -0.033801847065390
 9.275000000000000   -0.029539126057930
 9.280000000000001   -0.025465501338068
 9.285000000000000   -0.021582935434915
 9.289999999999999   -0.017892365798906
 9.295000000000000   -0.014393776282906
 9.300000000000001   -0.011086272841857
 9.305000000000000   -0.007968161807110
 9.310000000000001   -0.005037029244545
 9.315000000000001   -0.002289820075440
 9.320000000000000    0.000277084182231
 9.324999999999999    0.002667790013759
 9.330000000000000    0.004886819633977
 9.335000000000001    0.006939042456834
 9.340000000000000    0.008829610769099
 9.344999999999999    0.010563899927389
 9.350000000000001    0.012147453271793
 9.355000000000000    0.013585931839922
 9.359999999999999    0.014885068872221
 9.365000000000000    0.016050629022096
 9.370000000000003    0.017088372122161
 9.375000000000000    0.018004021309230
 9.379999999999997    0.018803235274335
 9.385000000000000    0.019491584378519
 9.390000000000001    0.020074530359027
 9.395000000000000    0.020557409342275
 9.400000000000000    0.020945417878352
 9.405000000000001    0.021243601715540
 9.410000000000000    0.021456847041276
 9.414999999999999    0.021589873927150
 9.420000000000000    0.021647231729077
 9.425000000000001    0.021633296208980
 9.430000000000000    0.021552268160449
 9.435000000000001    0.021408173337595
 9.440000000000001    0.021204863502997
 9.445000000000000    0.020946018427216
 9.449999999999999    0.020635148688323
 9.455000000000000    0.020275599135250
 9.460000000000001    0.019870552893235
 9.465000000000000    0.019423035803269
 9.469999999999999    0.018935921200085
 9.475000000000001    0.018411934944858
 9.480000000000000    0.017853660639523
 9.484999999999999    0.017263544959284
 9.490000000000000    0.016643903048754
 9.495000000000003    0.015996923935043
 9.500000000000000    0.015324675918250
 9.504999999999997    0.014629111906139
 9.510000000000000    0.013912074665378
 9.515000000000001    0.013175301966714
 9.520000000000000    0.012420431605783
 9.525000000000000    0.011649006285095
 9.530000000000001    0.010862478346030
 9.535000000000000    0.010062214342576
 9.539999999999999    0.009249499450998
 9.545000000000000    0.008425541711762
 9.550000000000001    0.007591476101824
 9.555000000000000    0.006748368436942
 9.560000000000001    0.005897219104924
 9.565000000000001    0.005038966631787
 9.570000000000000    0.004174491083700
 9.574999999999999    0.003304617308245
 9.580000000000000    0.002430118019124
 9.585000000000001    0.001551716728869
 9.590000000000000    0.000670090534432
 9.594999999999999   -0.000214127239213
 9.600000000000001   -0.001100344532193
 9.605000000000000   -0.001988008174176
 9.609999999999999   -0.002876601634755
 9.615000000000000   -0.003765642894330
 9.620000000000003   -0.004654682430167
 9.625000000000000   -0.005543301312324
 9.629999999999997   -0.006431109404301
 9.635000000000000   -0.007317743663338
 9.640000000000001   -0.008202866535478
 9.645000000000000   -0.009086164440622
 9.650000000000000   -0.009967346343006
 9.655000000000001   -0.010846142402658
 9.660000000000000   -0.011722302703603
 9.664999999999999   -0.012595596054728
 9.670000000000000   -0.013465808859416
 9.675000000000001   -0.014332744050219
 9.680000000000000   -0.015196220085007
 9.685000000000001   -0.016056070001218
 9.690000000000001   -0.016912140524971
 9.695000000000000   -0.017764291231987
 9.699999999999999   -0.018612393757399
 9.705000000000000   -0.019456331051699
 9.710000000000001   -0.020295996680188
 9.715000000000000   -0.021131294163470
 9.719999999999999   -0.021962136356627
 9.725000000000001   -0.022788444864858
 9.730000000000000   -0.023610149493489
 9.734999999999999   -0.024427187730360
 9.740000000000000   -0.025239504258718
 9.745000000000003   -0.026047050498860
 9.750000000000000   -0.026849784176830
 9.754999999999997   -0.027647668918621
 9.760000000000000   -0.028440673868381
 9.765000000000001   -0.029228773329224
 9.770000000000000   -0.030011946425329
 9.775000000000000   -0.030790176784087
 9.780000000000001   -0.031563452237106
 9.785000000000000   -0.032331764538994
 9.789999999999999   -0.033095109102855
 9.795000000000000   -0.033853484751540
 9.800000000000001   -0.034606893483711
 9.805000000000000   -0.035355340253866
 9.810000000000001   -0.036098832765497
 9.815000000000001   -0.036837381276611
 9.820000000000000   -0.037570998416894
 9.824999999999999   -0.038299699015837
 9.830000000000000   -0.039023499941174
 9.835000000000001   -0.039742419947032
 9.840000000000000   -0.040456479531228
 9.844999999999999   -0.041165700801173
 9.850000000000001   -0.041870107347879
 9.855000000000000   -0.042569724127595
 9.859999999999999   -0.043264577350632
 9.865000000000000   -0.043954694376945
 9.870000000000003   -0.044640103618088
 9.875000000000000   -0.045320834445161
 9.879999999999997   -0.045996917102410
 9.885000000000000   -0.046668382626135
 9.890000000000001   -0.047335262768606
 9.895000000000000   -0.047997589926699
 9.900000000000000   -0.048655397074959
 9.905000000000001   -0.049308717702853
 9.910000000000000   -0.049957585755954
 9.914999999999999   -0.050602035580829
 9.920000000000000   -0.051242101873423
 9.925000000000001   -0.051877819630721
 9.930000000000000   -0.052509224105515
 9.935000000000001   -0.053136350764075
 9.940000000000001   -0.053759235246571
 9.945000000000000   -0.054377913330074
 9.949999999999999   -0.054992420893995
 9.955000000000000   -0.055602793887810
 9.960000000000001   -0.056209068300946
 9.965000000000000   -0.056811280134694
 9.969999999999999   -0.057409465376037
 9.975000000000001   -0.058003659973275
 9.980000000000000   -0.058593899813348
 9.984999999999999   -0.059180220700752
 9.990000000000000   -0.059762658337954
 9.995000000000003   -0.060341248307225
10.000000000000000   -0.060916026053798
10.005000000000001   -0.061487026870280
10.010000000000000   -0.062054285882237
10.015000000000001   -0.062617838034895
10.020000000000000   -0.063177718080869
10.025000000000000   -0.063733960568889
10.029999999999999   -0.064286599833432
10.035000000000000   -0.064835669985226
10.039999999999999   -0.065381204902573
10.045000000000000   -0.065923238223428
10.050000000000001   -0.066461803338204
10.055000000000000   -0.066996933383250
10.060000000000000   -0.067528661234963
10.065000000000000   -0.068057019504497
10.070000000000000   -0.068582040533030
10.074999999999999   -0.069103756387557
10.080000000000000   -0.069622198857175
10.085000000000001   -0.070137399449826
10.090000000000000   -0.070649389389481
10.095000000000001   -0.071158199613720
10.100000000000000   -0.071663860771699
10.105000000000000   -0.072166403222469
10.109999999999999   -0.072665857033629
10.115000000000000   -0.073162251980290
10.120000000000003   -0.073655617544329
10.125000000000000   -0.074145982913916
10.130000000000001   -0.074633376983296
10.135000000000000   -0.075117828352807
10.140000000000001   -0.075599365329111
10.145000000000000   -0.076078015925646
10.150000000000000   -0.076553807863256
10.154999999999999   -0.077026768571005
10.160000000000000   -0.077496925187153
10.164999999999999   -0.077964304560290
10.170000000000000   -0.078428933250605
10.175000000000001   -0.078890837531295
10.180000000000000   -0.079350043390089
10.185000000000000   -0.079806576530884
10.190000000000000   -0.080260462375490
10.195000000000000   -0.080711726065462
10.199999999999999   -0.081160392464028
10.205000000000000   -0.081606486158088
10.210000000000001   -0.082050031460290
10.215000000000000   -0.082491052411176
10.220000000000001   -0.082929572781376
10.225000000000000   -0.083365616073873
10.230000000000000   -0.083799205526303
10.234999999999999   -0.084230364113302
10.240000000000000   -0.084659114548898
10.245000000000003   -0.085085479288934
10.250000000000000   -0.085509480533513
10.255000000000001   -0.085931140229485
10.260000000000000   -0.086350480072946
10.265000000000001   -0.086767521511753
10.270000000000000   -0.087182285748068
10.275000000000000   -0.087594793740903
10.279999999999999   -0.088005066208676
10.285000000000000   -0.088413123631784
10.289999999999999   -0.088818986255166
10.295000000000000   -0.089222674090883
10.300000000000001   -0.089624206920684
10.305000000000000   -0.090023604298583
10.310000000000000   -0.090420885553425
10.315000000000000   -0.090816069791446
10.320000000000000   -0.091209175898831
10.324999999999999   -0.091600222544255
10.330000000000000   -0.091989228181424
10.335000000000001   -0.092376211051598
10.340000000000000   -0.092761189186101
10.345000000000001   -0.093144180408821
10.350000000000000   -0.093525202338691
10.355000000000000   -0.093904272392157
10.359999999999999   -0.094281407785631
10.365000000000000   -0.094656625537918
10.370000000000003   -0.095029942472638
10.375000000000000   -0.095401375220617
10.380000000000001   -0.095770940222264
10.385000000000000   -0.096138653729929
10.390000000000001   -0.096504531810235
10.395000000000000   -0.096868590346396
10.400000000000000   -0.097230845040510
10.404999999999999   -0.097591311415826
10.410000000000000   -0.097950004818996
10.414999999999999   -0.098306940422304
10.420000000000000   -0.098662133225863
10.425000000000001   -0.099015598059801
10.430000000000000   -0.099367349586419
10.435000000000000   -0.099717402302322
10.440000000000000   -0.100065770540533
10.445000000000000   -0.100412468472580
10.449999999999999   -0.100757510110560
10.455000000000000   -0.101100909309180
10.460000000000001   -0.101442679767773
10.465000000000000   -0.101782835032294
10.470000000000001   -0.102121388497287
10.475000000000000   -0.102458353407832
10.480000000000000   -0.102793742861472
10.484999999999999   -0.103127569810105
10.490000000000000   -0.103459847061868
10.495000000000003   -0.103790587282984
10.500000000000000   -0.104119802999595
10.505000000000001   -0.104447506599570
10.510000000000000   -0.104773710334286
10.515000000000001   -0.105098426320389
10.520000000000000   -0.105421666541537
10.525000000000000   -0.105743442850111
10.529999999999999   -0.106063766968915
10.535000000000000   -0.106382650492843
10.539999999999999   -0.106700104890529
10.545000000000000   -0.107016141505981
10.550000000000001   -0.107330771560182
10.555000000000000   -0.107644006152677
10.560000000000000   -0.107955856263141
10.565000000000000   -0.108266332752916
10.570000000000000   -0.108575446366540
10.575000000000001   -0.108883207733246
10.580000000000000   -0.109189627368446
10.585000000000001   -0.109494715675189
10.590000000000000   -0.109798482945607
10.595000000000001   -0.110100939362339
10.600000000000000   -0.110402094999928
10.605000000000000   -0.110701959826208
10.609999999999999   -0.111000543703671
10.615000000000000   -0.111297856390809
10.620000000000003   -0.111593907543445
10.625000000000000   -0.111888706716041
10.630000000000001   -0.112182263362988
10.635000000000000   -0.112474586839881
10.640000000000001   -0.112765686404773
10.645000000000000   -0.113055571219415
10.650000000000000   -0.113344250350477
10.654999999999999   -0.113631732770750
10.660000000000000   -0.113918027360335
10.664999999999999   -0.114203142907815
10.670000000000000   -0.114487088111405
10.675000000000001   -0.114769871580097
10.680000000000000   -0.115051501834776
10.685000000000000   -0.115331987309330
10.690000000000000   -0.115611336351742
10.695000000000000   -0.115889557225164
10.700000000000001   -0.116166658108980
10.705000000000000   -0.116442647099851
10.710000000000001   -0.116717532212745
10.715000000000000   -0.116991321381958
10.720000000000001   -0.117264022462115
10.725000000000000   -0.117535643229157
10.730000000000000   -0.117806191381320
10.734999999999999   -0.118075674540090
10.740000000000000   -0.118344100251161
10.745000000000003   -0.118611475985358
10.750000000000000   -0.118877809139567
10.755000000000001   -0.119143107037642
10.760000000000000   -0.119407376931298
10.765000000000001   -0.119670626000998
10.770000000000000   -0.119932861356822
10.775000000000000   -0.120194090039327
10.779999999999999   -0.120454319020395
10.785000000000000   -0.120713555204066
10.789999999999999   -0.120971805427362
10.795000000000000   -0.121229076461101
10.800000000000001   -0.121485375010699
10.805000000000000   -0.121740707716953
10.810000000000000   -0.121995081156827
10.815000000000000   -0.122248501844218
10.820000000000000   -0.122500976230710
10.825000000000001   -0.122752510706325
10.830000000000000   -0.123003111600258
10.835000000000001   -0.123252785181601
10.840000000000000   -0.123501537660065
10.845000000000001   -0.123749375186679
10.850000000000000   -0.123996303854493
10.855000000000000   -0.124242329699261
10.859999999999999   -0.124487458700120
10.865000000000000   -0.124731696780258
10.870000000000003   -0.124975049807575
10.875000000000000   -0.125217523595328
10.880000000000001   -0.125459123902780
10.885000000000000   -0.125699856435823
10.890000000000001   -0.125939726847610
10.895000000000000   -0.126178740739167
10.900000000000000   -0.126416903659996
10.904999999999999   -0.126654221108680
10.910000000000000   -0.126890698533471
10.914999999999999   -0.127126341332870
10.920000000000000   -0.127361154856205
10.925000000000001   -0.127595144404196
10.930000000000000   -0.127828315229513
10.935000000000000   -0.128060672537331
10.940000000000000   -0.128292221485869
10.945000000000000   -0.128522967186931
10.950000000000001   -0.128752914706436
10.955000000000000   -0.128982069064935
10.960000000000001   -0.129210435238131
10.965000000000000   -0.129438018157387
10.970000000000001   -0.129664822710228
10.975000000000000   -0.129890853740832
10.980000000000000   -0.130116116050524
10.984999999999999   -0.130340614398254
10.990000000000000   -0.130564353501073
10.995000000000003   -0.130787338034606
11.000000000000000   -0.131009572633507
11.005000000000001   -0.131231061891925
11.010000000000000   -0.131451810363949
11.015000000000001   -0.131671822564052
11.020000000000000   -0.131891102967536
11.025000000000000   -0.132109656010958
11.029999999999999   -0.132327486092562
11.035000000000000   -0.132544597572702
11.039999999999999   -0.132760994774253
11.045000000000000   -0.132976681983026
11.050000000000001   -0.133191663448174
11.055000000000000   -0.133405943382589
11.060000000000000   -0.133619525963301
11.065000000000000   -0.133832415331865
11.070000000000000   -0.134044615594746
11.075000000000001   -0.134256130823702
11.080000000000000   -0.134466965056155
11.085000000000001   -0.134677122295564
11.090000000000000   -0.134886606511790
11.095000000000001   -0.135095421641455
11.100000000000000   -0.135303571588299
11.105000000000000   -0.135511060223534
11.109999999999999   -0.135717891386187
11.115000000000000   -0.135924068883445
11.120000000000003   -0.136129596490992
11.125000000000000   -0.136334477953345
11.130000000000001   -0.136538716984181
11.135000000000000   -0.136742317266665
11.140000000000001   -0.136945282453771
11.145000000000000   -0.137147616168596
11.150000000000000   -0.137349322004678
11.154999999999999   -0.137550403526303
11.160000000000000   -0.137750864268811
11.164999999999999   -0.137950707738896
11.170000000000000   -0.138149937414909
11.175000000000001   -0.138348556747146
11.180000000000000   -0.138546569158141
11.185000000000000   -0.138743978042954
11.190000000000000   -0.138940786769453
11.195000000000000   -0.139136998678595
11.200000000000001   -0.139332617084701
11.205000000000000   -0.139527645275729
11.210000000000001   -0.139722086513546
11.215000000000000   -0.139915944034189
11.220000000000001   -0.140109221048135
11.225000000000000   -0.140301920740554
11.230000000000000   -0.140494046271571
11.234999999999999   -0.140685600776516
11.240000000000000   -0.140876587366174
11.245000000000003   -0.141067009127036
11.250000000000000   -0.141256869121539
11.255000000000001   -0.141446170388311
11.260000000000000   -0.141634915942406
11.265000000000001   -0.141823108775543
11.270000000000000   -0.142010751856334
11.275000000000000   -0.142197848130520
11.279999999999999   -0.142384400521192
11.285000000000000   -0.142570411929018
11.289999999999999   -0.142755885232468
11.295000000000000   -0.142940823288027
11.300000000000001   -0.143125228930414
11.305000000000000   -0.143309104972797
11.310000000000000   -0.143492454207004
11.315000000000000   -0.143675279403730
11.320000000000000   -0.143857583312745
11.325000000000001   -0.144039368663097
11.330000000000000   -0.144220638163314
11.335000000000001   -0.144401394501601
11.340000000000000   -0.144581640346042
11.345000000000001   -0.144761378344789
11.350000000000000   -0.144940611126256
11.355000000000000   -0.145119341299309
11.359999999999999   -0.145297571453455
11.365000000000000   -0.145475304159025
11.370000000000003   -0.145652541967359
11.375000000000000   -0.145829287410987
11.380000000000001   -0.146005543003807
11.385000000000000   -0.146181311241265
11.390000000000001   -0.146356594600526
11.395000000000000   -0.146531395540650
11.400000000000000   -0.146705716502762
11.404999999999999   -0.146879559910219
11.410000000000000   -0.147052928168783
11.414999999999999   -0.147225823666778
11.420000000000000   -0.147398248775261
11.425000000000001   -0.147570205848178
11.430000000000000   -0.147741697222526
11.435000000000000   -0.147912725218510
11.440000000000000   -0.148083292139701
11.445000000000000   -0.148253400273187
11.450000000000001   -0.148423051889728
11.455000000000000   -0.148592249243905
11.460000000000001   -0.148760994574270
11.465000000000000   -0.148929290103496
11.470000000000001   -0.149097138038516
11.475000000000000   -0.149264540570673
11.480000000000000   -0.149431499875863
11.484999999999999   -0.149598018114671
11.490000000000000   -0.149764097432513
11.495000000000003   -0.149929739959776
11.500000000000000   -0.150094947811949
11.505000000000001   -0.150259723089764
11.510000000000000   -0.150424067879326
11.515000000000001   -0.150587984252242
11.520000000000000   -0.150751474265759
11.525000000000000   -0.150914539962883
11.529999999999999   -0.151077183372517
11.535000000000000   -0.151239406509579
11.539999999999999   -0.151401211375132
11.545000000000000   -0.151562599956502
11.550000000000001   -0.151723574227405
11.555000000000000   -0.151884136148068
11.560000000000000   -0.152044287665343
11.565000000000000   -0.152204030712831
11.570000000000000   -0.152363367210994
11.575000000000001   -0.152522299067276
11.580000000000000   -0.152680828176212
11.585000000000001   -0.152838956419545
11.590000000000000   -0.152996685666334
11.595000000000001   -0.153154017773070
11.600000000000000   -0.153310954583781
11.605000000000000   -0.153467497930142
11.609999999999999   -0.153623649631584
11.615000000000000   -0.153779411495395
11.620000000000003   -0.153934785316832
11.625000000000000   -0.154089772879217
11.630000000000001   -0.154244375954048
11.635000000000000   -0.154398596301094
11.640000000000001   -0.154552435668498
11.645000000000000   -0.154705895792878
11.650000000000000   -0.154858978399424
11.654999999999999   -0.155011685201993
11.660000000000000   -0.155164017903212
11.664999999999999   -0.155315978194567
11.670000000000000   -0.155467567756500
11.675000000000001   -0.155618788258504
11.680000000000000   -0.155769641359211
11.685000000000000   -0.155920128706489
11.690000000000000   -0.156070251937529
11.695000000000000   -0.156220012678937
11.700000000000001   -0.156369412546819
11.705000000000000   -0.156518453146872
11.710000000000001   -0.156667136074473
11.715000000000000   -0.156815462914758
11.720000000000001   -0.156963435242713
11.725000000000000   -0.157111054623259
11.730000000000000   -0.157258322611330
11.734999999999999   -0.157405240751959
11.740000000000000   -0.157551810580361
11.745000000000003   -0.157698033622012
11.750000000000000   -0.157843911392727
11.755000000000001   -0.157989445398746
11.760000000000000   -0.158134637136805
11.765000000000001   -0.158279488094217
11.770000000000000   -0.158423999748951
11.775000000000000   -0.158568173569703
11.779999999999999   -0.158712011015978
11.785000000000000   -0.158855513538159
11.789999999999999   -0.158998682577582
11.795000000000000   -0.159141519566611
11.800000000000001   -0.159284025928711
11.805000000000000   -0.159426203078517
11.810000000000000   -0.159568052421905
11.815000000000000   -0.159709575356066
11.820000000000000   -0.159850773269572
11.825000000000001   -0.159991647542446
11.830000000000000   -0.160132199546230
11.835000000000001   -0.160272430644054
11.840000000000000   -0.160412342190702
11.845000000000001   -0.160551935532677
11.850000000000000   -0.160691212008269
11.855000000000000   -0.160830172947617
11.859999999999999   -0.160968819672777
11.865000000000000   -0.161107153497784
11.870000000000003   -0.161245175728712
11.875000000000000   -0.161382887663743
11.880000000000001   -0.161520290593224
11.885000000000000   -0.161657385799730
11.890000000000001   -0.161794174558122
11.895000000000000   -0.161930658135614
11.900000000000000   -0.162066837791823
11.904999999999999   -0.162202714778838
11.910000000000000   -0.162338290341269
11.914999999999999   -0.162473565716314
11.920000000000000   -0.162608542133806
11.925000000000001   -0.162743220816281
11.930000000000000   -0.162877602979025
11.935000000000000   -0.163011689830135
11.940000000000000   -0.163145482570571
11.945000000000000   -0.163278982394215
11.950000000000001   -0.163412190487920
11.955000000000000   -0.163545108031566
11.960000000000001   -0.163677736198114
11.965000000000000   -0.163810076153657
11.970000000000001   -0.163942129057473
11.975000000000000   -0.164073896062078
11.980000000000000   -0.164205378313273
11.984999999999999   -0.164336576950200
11.990000000000000   -0.164467493105388
11.995000000000003   -0.164598127904804
12.000000000000000   -0.164728482467903
